filename	imageID	brightness_median	brightness_stdev	saturation_median	saturation_stdev	hue_median	hue_stdev
12745.jpg	1	255	79.1453	0	57.9964	0	28.004
13769.jpg	2	1	78.6528	0	92.7181	0	57.8092
17560101955.jpg	3	152	65.3201	2	14.1622	28	79.1901
176009191.jpg	4	0	40.8305	0	50.7241	0	61.7298
1772031479.jpg	5	243	33.4117	6	64.2964	34	12.9995
1805070377.jpg	6	155	50.7269	66	52.8358	25	72.0825
1805070386.jpg	7	0	53.6015	0	61.3642	0	28.4287
18140704823.jpg	8	89	47.8886	102	46.4332	13	74.3919
18140704825.jpg	9	163	27.8078	74	45.7099	23	36.9323
18140704844.jpg	10	157	38.0806	105	53.9785	20	32.0172
18140704860.jpg	11	175	43.4082	170	72.0013	27	3.377
18140704884.jpg	12	163	36.7612	127	64.5323	15	52.0225
18160610330.jpg	13	104	28.5622	101	58.7962	22	63.5358
1824030142.jpg	14	31	75.1428	65	59.6143	181	92.5737
1824030149.jpg	15	0	58.7719	0	64.6553	0	50.6235
1824046021.jpg	16	201	80.413	2	30.252	106	29.6771
183908062.jpg	17	0	70.3694	0	64.5112	0	26.0217
184207281098.jpg	18	244	52.9399	0	9.545	0	36.8476
18420728750.jpg	19	192	42.2483	38	35.9674	26	52.8508
1848080417.jpg	20	243	75.5508	0	9.4998	0	83.762
1848080435.jpg	21	245	61.2987	0	9.8286	0	47.0176
1852060954.jpg	22	150	89.5886	0	23.0282	0	79.7411
185402141.jpg	22	150	89.5886	0	23.0282	0	79.7411
1855110126.jpg	24	0	70.3916	0	57.3817	0	24.719
185605291.jpg	25	220	61.5181	3	3.2396	70	35.1978
185605292.jpg	26	223	69.2596	11	17.0286	35	17.1658
1856071017.jpg	27	133	25.7817	97	27.6233	20	6.5698
1856071020.jpg	28	172	37.6756	107	36.1257	30	7.9307
1856071027.jpg	29	169	65.4506	77	26.2332	21	28.0161
185607104.jpg	30	154	49.2001	132	42.3796	19	3.005
18560826160.jpg	31	139	68.9929	4	7.2542	42	29.6746
1856090245.jpg	32	246	55.4143	0	12.9416	0	42.8385
1856100134.jpg	33	113	68.3996	72	28.7146	192	84.6802
1856100136.jpg	34	35	51.9727	0	26.0404	0	56.7995
1856100153.jpg	35	179	69.0682	0	13.8924	0	46.255
1856100172.jpg	36	242	68.6228	0	13.6033	0	71.1871
18561004151.jpg	37	238	60.1638	0	9.4182	0	84.382
18561004152.jpg	38	238	55.6096	2	10.6893	42	56.3982
185612261143.jpg	39	216	71.8268	15	46.4245	176	41.6037
185612261487.jpg	40	21	84.5701	50	63.7265	22	30.0463
185612261707.jpg	41	132	69.0303	141	59.5552	27	22.7103
185612261725.jpg	42	109	77.0145	101	57.4773	28	24.896
185612261750.jpg	43	180	37.8794	48	61.5688	23	66.1773
18561226232.jpg	44	237	63.0086	0	8.3711	0	45.2538
185705271.jpg	45	228	57.4205	0	10.202	0	62.9029
18571220111.jpg	46	117	81.2055	70	23.9368	206	53.4873
18571220114.jpg	47	130	82.0873	68	17.7626	200	49.0405
18571220116.jpg	48	107	80.7483	81	25.0175	224	49.9219
18571220138.jpg	49	110	81.7097	69	18.7279	196	70.5183
18571220139.jpg	50	96	80.5942	63	23.3548	197	80.0583
18591226156.jpg	51	24	85.3746	87	33.0752	177	82.5782
18591226157.jpg	52	242	78.6872	0	16.4789	0	94.8311
18591226165.jpg	53	243	63.9051	0	8.6461	0	52.6923
18591226174.jpg	54	132	84.4706	57	26.8807	207	27.0111
18591226184.jpg	55	246	62.6753	0	8.0786	0	50.6886
18591226441.jpg	56	247	49.8768	0	12.3804	0	41.095
18591226790.jpg	57	95	28.5397	29	25.9925	20	26.7901
186107281.jpg	58	36	68.6971	11	60.4953	18	93.2872
1861072822.jpg	59	16	81.5236	95	46.4223	127	19.797
1861112713.jpg	60	171	52.7672	18	21.2836	176	72.1375
18611127145.jpg	61	180	56.3641	8	19.2003	31	66.5545
18611127146.jpg	62	31	87.0454	112	66.2335	24	23.9946
1861112744.jpg	63	98	60.9704	22	35.9277	21	53.7367
1861112755.jpg	64	253	54.146	5	41.6166	26	104.0096
1863011429.jpg	65	239	69.1364	0	10.1533	0	83.1026
1863011430.jpg	66	245	44.4137	0	12.1031	0	37.5791
186301144.jpg	67	244	68.3072	0	9.0449	0	57.3555
186301145.jpg	68	242	55.132	0	8.0648	0	43.4074
18630728378.jpg	69	175	33.3233	52	62.7966	36	10.1499
18630728379.jpg	70	186	35.902	68	69.4531	27	5.853
18630728382.jpg	71	173	41.3808	127	57.9932	26	3.7801
18630728383.jpg	72	178	28.8144	56	64.4426	28	7.2714
18630728387.jpg	73	167	35.3732	51	55.6449	28	13.1849
18630728388.jpg	74	195	33.7569	102	49.0749	27	2.8366
18630728390.jpg	75	180	41.143	37	68.2859	31	26.2287
18630728391.jpg	76	163	47.8794	53	68.6068	27	10.1774
18630728392.jpg	77	177	30.4357	44	67.1218	34	11.5919
18630728394.jpg	78	164	28.3098	47	59.2636	32	9.3995
18630728397.jpg	79	191	43.6906	51	55.6912	36	7.4634
18630728415.jpg	80	175	39.8678	77	52.7697	34	8.1118
1865072038.jpg	81	150	57.1102	84	38.1853	157	78.8995
186512129.jpg	81	150	57.1102	84	38.1853	157	78.8995
18660101133.jpg	83	239	71.7635	0	10.6624	0	38.5953
18660101134.jpg	84	243	52.7401	0	12.8698	0	43.7811
18660101135.jpg	85	243	59.7079	0	11.3954	0	68.5904
18660101136.jpg	86	246	51.4505	0	11.55	0	39.6909
18660101138.jpg	87	231	68.3377	0	10.5591	0	69.0725
18660101358.jpg	88	3	55.7865	20	48.3422	0	83.7445
18660415108.jpg	89	229	59.3956	2	12.2293	28	66.717
18660415118.jpg	90	222	64.3056	2	8.7569	42	50.6478
18660415120.jpg	91	221	70.022	0	14.2901	0	65.0704
18660415121.jpg	92	236	66.9972	0	14.1552	0	53.5007
18660415122.jpg	93	211	68.4588	0	15.1825	0	57.6493
18660415132.jpg	94	239	64.8351	0	9.3107	0	72.5603
18660415133.jpg	95	235	72.8339	0	11.6115	0	76.8405
18660415141b.jpg	96	230	58.697	0	12.7651	0	81.2561
18660415152.jpg	97	100	88.4834	40	29.0812	14	104.1576
18660415154.jpg	98	232	61.2607	0	15.2013	0	52.3325
18660415155.jpg	99	230	43.0066	0	9.8846	0	92.2269
18660415161.jpg	100	52	66.2444	46	21.8108	70	66.2827
18660415163.jpg	101	233	77.8344	0	9.5033	0	42.2863
18660415164.jpg	102	236	73.7862	2	11.4482	42	68.6915
1866122827.jpg	103	227	72.272	2	7.7474	70	56.4799
1867020525.jpg	104	246	64.42	5	41.0103	34	63.2395
186702054.jpg	105	220	57.8144	2	6.6588	106	72.5392
186704272.jpg	106	12	49.1965	0	13.8454	0	93.3175
18670508585.jpg	107	247	78.9198	0	8.2955	0	48.3527
18670508635.jpg	108	221	49.193	2	12.464	231	106.1081
186705121.jpg	109	240	63.0837	0	14.263	0	81.073
1867051219.jpg	110	241	62.8148	0	12.6688	0	63.6631
1867051222.jpg	111	181	70.2165	0	10.1619	0	52.7992
1867051224.jpg	112	74	93.3187	60	35.3587	205	74.8812
186708102.jpg	113	49	42.7456	0	41.314	0	25.0522
18671122175.jpg	114	248	56.4122	0	6.2877	0	81.1096
18680110701.jpg	115	247	58.9148	0	10.7461	0	57.3299
18680110707.jpg	116	239	54.2642	0	9.0532	0	83.9344
18680110714.jpg	117	199	55.7397	2	12.3108	170	104.6524
18680110719.jpg	118	236	58.1033	0	11.2148	0	63.7523
18680110723.jpg	119	241	63.4713	0	11.1508	0	82.1358
1868040570.jpg	120	243	57.9287	0	10.0401	0	56.6771
1868040571.jpg	121	243	61.6124	0	10.4464	0	47.9938
186806121847.jpg	122	91	58.4176	67	28.7187	26	85.9071
186806121848.jpg	123	42	52.9869	49	23.6789	161	90.8576
186806121849.jpg	124	48	35.8176	63	23.5957	159	85.9699
186806121851.jpg	125	44	56.3323	62	26.4379	200	97.0825
186806121852.jpg	126	47	49.3006	56	21.4527	162	89.6386
186806121862.jpg	127	213	71.0786	47	23.6978	31	72.7968
186806121865.jpg	128	216	44.5871	44	18.0336	31	18.7886
18680620129.jpg	129	151	64.18	55	37.0624	24	57.6062
186806202.jpg	130	91	60.572	25	54.493	51	53.5356
1868070526.jpg	131	242	65.95	0	11.0585	0	66.2202
1868070532.jpg	132	241	63.69	0	9.289	0	49.0099
1868070534.jpg	133	230	66.9322	3	21.7048	93	51.0331
1868070558.jpg	134	239	67.3938	0	14.3726	0	64.5013
186807056.jpg	135	227	52.3639	0	16.6953	0	92.9189
186807057.jpg	136	246	60.3437	0	9.0595	0	51.5779
1868070570.jpg	137	243	72.3556	0	19.5271	0	69.6348
186807058.jpg	138	242	55.4857	0	4.8701	0	68.5647
1868070584.jpg	139	241	66.4893	0	14.6632	0	56.26
1868070595.jpg	140	246	47.6943	0	14.552	0	49.2387
1868102590.jpg	141	162	70.7736	0	13.1032	0	73.3691
1869060434.jpg	142	137	46.9173	0	8.1559	0	81.735
187001051.jpg	143	244	66.4979	0	8.2775	0	45.9497
187001053.jpg	144	246	59.5348	0	7.5912	0	29.6989
187001054.jpg	145	246	62.2997	0	10.4356	0	49.5099
18700320221.jpg	146	113	77.4589	0	17.7638	0	57.9271
187105061.jpg	147	171	86.8734	56	23.9427	19	88.9047
18710619179.jpg	148	48	46.1737	25	23.809	18	36.0627
18720405117.jpg	149	0	66.3516	0	48.0096	0	21.9615
18720405118.jpg	150	0	69.43	0	50.5918	0	24.0838
18720405121.jpg	151	67	58.6229	69	38.9443	141	61.5245
18720405122.jpg	152	0	64.5516	0	45.6656	0	21.7574
1872070131.jpg	153	108	74.9094	10	32.8759	51	48.1326
1872081611.jpg	154	0	64.1868	0	54.6374	0	22.8114
1872081635.jpg	155	15	97.3907	63	61.373	28	19.3847
1872081647.jpg	156	94	89.7943	40	36.4339	18	27.9636
1872081652.jpg	157	59	92.6332	53	36.8737	17	83.5411
1872081653.jpg	158	0	72.5322	0	60.9541	0	24.0924
187208168.jpg	159	21	87.5917	17	17.8467	170	94.6042
1873032022.jpg	160	130	72.4307	21	34.2423	155	63.1164
187303203.jpg	161	0	64.1868	0	54.6374	0	22.8114
1873032035.jpg	162	113	76.8624	4	23.8114	28	66.8428
1873032047.jpg	163	10	97.9952	97	65.7124	42	20.1661
1873032049.jpg	164	16	86.4613	60	59.7274	18	55.872
1873032082.jpg	165	97	72.3918	11	43.8089	161	71.1522
1873050510.jpg	166	105	57.5358	40	57.3955	23	56.0623
187305058.jpg	167	0	67.8435	0	41.0536	0	20.2942
187305059.jpg	167	0	67.8435	0	41.0536	0	20.2942
18730820534.jpg	169	165	37.7771	0	10.2087	0	51.8771
18730820541.jpg	170	49	86.2295	49	37.6371	221	59.898
18730820547.jpg	171	193	71.7155	0	11.0973	0	107.2487
18730820550.jpg	172	238	75.2638	0	11.5748	0	53.8782
18730820554.jpg	173	142	62.6981	0	11.4371	0	77.1832
1874020564.jpg	174	94	56.2683	71	61.3064	22	58.902
1874030564.jpg	175	83	64.9462	120	39.6663	8	20.5869
1874030568.jpg	176	23	40.0231	69	46.6547	155	76.531
187403141.jpg	176	23	40.0231	69	46.6547	155	76.531
1874031440.jpg	178	166	77.0254	70	29.2219	202	21.3732
18740710272.jpg	179	97	80.1357	8	40.8901	70	53.3896
1874071081.jpg	180	149	54.4154	3	48.4993	20	59.3544
1874111016.jpg	181	199	51.0831	2	5.3106	42	53.5934
187411106.jpg	182	244	58.6176	0	8.9048	0	54.6525
187503092.jpg	183	235	39.7699	2	3.5376	106	70.9199
187503096.jpg	184	1	61.3154	0	45.4254	0	54.317
187503098.jpg	185	243	65.6575	0	9.4725	0	58.184
1875081013.jpg	186	19	43.0483	54	37.8373	70	45.5671
1875081019.jpg	187	0	72.8594	0	33.9529	0	47.6934
1875101215.jpg	188	243	35.4635	0	7.1628	0	50.4622
187511122.jpg	189	159	65.2541	0	20.528	0	66.9371
187705153.jpg	190	77	77.283	87	44.6612	192	26.2278
187708251.jpg	191	170	73.474	12	99.2745	28	62.9008
187712072.jpg	192	215	36.5656	0	0.7659	0	39.0412
187808291.jpg	193	0	94.1921	0	59.717	0	26.9649
1879011523.jpg	194	192	70.4057	0	6.323	0	42.7803
187906245.jpg	195	106	82.2614	65	22.4159	23	111.7348
187911204.jpg	196	149	56.1422	26	16.5614	179	111.9068
188006171700.jpg	197	45	41.3118	230	84.47	155	52.9219
188006171713.jpg	198	47	54.8696	10	45.291	23	40.0919
188007091.jpg	199	110	64.0885	12	57.375	113	15.1347
18800709107.jpg	200	139	76.6196	126	56.8454	18	16.1568
18800709108.jpg	201	0	56.711	0	45.9047	0	49.9525
18800709109.jpg	202	0	60.7629	0	71.0242	0	26.4128
1880070911.jpg	203	118	68.1568	90	59.7015	14	37.449
18800709112.jpg	204	0	63.3751	0	65.0028	0	22.6962
18800709113.jpg	205	95	67.1661	123	49.1719	12	29.1463
18800709114.jpg	206	137	66.4057	127	46.1808	15	25.1759
18800709115.jpg	207	131	75.2597	118	58.4993	14	27.4227
18800709119.jpg	208	141	68.3889	94	58.5599	27	27.4685
18800709120.jpg	209	113	66.0586	112	62.2939	13	25.3306
18800709121.jpg	210	135	68.0028	109	54.607	13	41.3511
18800709123.jpg	211	81	58.0949	147	55.5154	17	48.6189
1880070918.jpg	212	112	56.2294	44	48.9309	11	109.8169
1880070919.jpg	213	104	69.6852	37	37.2087	59	54.5112
188007092.jpg	214	147	81.0164	60	46.3331	22	52.1673
1880070920.jpg	215	140	73.2763	54	28.8636	229	118.297
1880070921.jpg	216	153	62.5622	80	48.0489	10	36.1925
1880070922.jpg	217	159	65.8629	7	10.7796	170	99.2119
1880070923.jpg	218	0	80.4833	0	59.1166	0	20.4088
1880070924.jpg	219	136	57.0358	135	43.3636	22	23.4956
1880070929.jpg	220	160	69.1416	100	42.6348	19	16.1322
1880070931.jpg	221	133	61.1278	125	45.2382	18	15.4282
188007094.jpg	222	133	69.1048	72	28.4624	11	58.0917
1880070940.jpg	223	139	57.0025	72	25.9706	9	34.9751
1880070941.jpg	224	76	85.5726	154	71.3929	15	18.7148
1880070942.jpg	225	94	87.5016	124	62.4936	13	28.851
1880070943.jpg	226	109	63.5508	20	56.7315	31	73.8231
1880070944.jpg	227	120	67.3036	90	62.981	27	33.5363
1880070945.jpg	228	134	68.519	127	50.6875	18	27.0809
1880070946.jpg	229	160	80.3285	17	13.5916	7	89.9706
1880070948.jpg	230	138	58.9991	26	47.5744	29	4.242
1880070949.jpg	231	70	76.7895	66	75.9303	24	27.8427
188007095.jpg	232	125	75.9577	42	57.0306	14	58.1701
1880070950.jpg	233	157	71.8336	95	51.4304	14	40.8746
1880070951.jpg	234	157	58.5882	110	42.0596	18	17.468
1880070953.jpg	235	152	57.2534	55	17.5418	16	77.3185
1880070957.jpg	236	168	57.8887	143	85.0064	23	27.8537
1880070958.jpg	237	122	83.0278	127	60.2097	16	30.892
188007096.jpg	238	94	77.9036	16	39.5656	42	54.2218
1880070960.jpg	239	126	74.6903	93	45.9407	14	15.039
1880070967.jpg	240	141	98.8825	0	26.7985	0	63.3733
1880070969.jpg	241	126	64.3454	149	43.3459	19	23.3103
188007097.jpg	242	0	52.3118	0	55.6237	0	24.4875
1880070970.jpg	243	105	67.9659	137	49.3608	21	53.411
1880070971.jpg	244	117	70.8998	126	54.2916	19	39.4294
1880070972.jpg	245	118	61.2101	110	49.2945	16	19.0082
1880070973.jpg	246	98	80.7122	134	61.4302	16	30.3769
1880070974.jpg	247	120	73.9928	138	67.8231	17	33.3564
1880070975.jpg	248	123	71.619	121	58.1574	15	25.1554
1880070977.jpg	249	125	52.3473	80	28.2364	13	39.4141
1880070979.jpg	250	99	50.6637	90	40.2395	25	32.4703
188007098.jpg	251	99	69.5344	71	55.944	15	67.1713
1880070980.jpg	252	141	69.4907	128	46.5027	18	20.4461
1880070981.jpg	253	15	80.6601	55	65.001	26	31.6803
1880070982.jpg	254	129	74.438	58	25.6229	12	56.7865
1880070983.jpg	255	142	65.5944	109	48.9834	15	13.565
1880070984.jpg	256	193	66.4269	6	46.0677	35	60.486
1880070985.jpg	257	153	64.669	15	35.74	26	10.6469
1880070986.jpg	258	185	66.7499	6	45.3186	35	63.5661
1880070987.jpg	259	91	48.0343	137	44.8004	16	31.658
1880070988.jpg	260	162	73.4977	115	46.1517	18	13.8289
1880070990.jpg	261	152	69.3023	117	36.7601	20	17.8
1880070991.jpg	262	158	71.7382	98	48.2054	19	20.7119
1880070993.jpg	263	113	73.2294	107	57.0556	12	29.8848
1880070994.jpg	264	145	59.9455	120	43.2622	14	22.6748
1880070995.jpg	265	122	62.2428	124	49.7193	13	32.8966
1880070996.jpg	266	131	67.4639	113	52.0693	14	31.8352
1880070997.jpg	267	156	72.3735	96	53.3439	12	37.9233
1880103.jpg	268	153	78.1536	8	21.0737	35	55.9498
1880104.jpg	269	211	70.2782	2	13.8074	42	22.9421
1880105.jpg	270	238	72.0897	6	11.7737	35	6.7882
1880106.jpg	271	106	70.9284	3	11.1257	28	64.3044
1880107.jpg	272	86	58.6647	14	22.9385	35	9.6721
1880109.jpg	273	143	62.2785	8	24.224	28	6.4624
188011.jpg	274	104	71.6862	83	74.9611	26	67.5483
1880110.jpg	275	88	49.8002	12	24.772	34	21.7415
1880111.jpg	276	155	72.0589	7	21.5484	34	12.2279
1880112.jpg	277	89	57.5043	12	19.0048	42	80.3625
1880113.jpg	278	101	49.8253	12	19.5255	34	19.1895
1880114.jpg	279	121	66.6725	9	20.2397	34	5.2204
1880115.jpg	280	127	63.2327	8	22.8419	34	32.7292
1880116.jpg	281	91	56.1855	5	14.1285	34	32.4505
1880117.jpg	282	151	70.0115	8	20.8511	34	10.1101
1880118.jpg	283	101	59.0905	14	28.4259	35	6.6774
1880119.jpg	284	89	68.8918	6	23.9532	28	10.5504
1880121.jpg	285	67	48.6618	10	22.0803	42	17.4681
188015.jpg	286	182	72.9229	6	50.5363	42	83.9129
1880172.jpg	286	182	72.9229	6	50.5363	42	83.9129
1880173.jpg	288	233	72.2342	6	15.6686	35	8.3886
1880174.jpg	289	216	60.8235	6	14.8268	35	41.6854
1880175.jpg	290	231	74.8204	6	31.8537	34	8.8719
1880176.jpg	291	181	72.9977	6	10.6494	42	11.1909
1880185.jpg	292	237	60.5339	6	11.0733	35	4.6581
1880186.jpg	293	241	53.9684	6	10.8229	35	2.2698
1880187.jpg	294	226	71.152	6	11.4427	34	4.815
1880188.jpg	295	228	67.5768	6	12.2588	35	7.9821
1880189.jpg	296	196	62.2472	7	23.4705	34	5.0635
1880194.jpg	297	104	76.6543	9	21.1273	35	57.7049
1880196.jpg	298	207	77.9983	3	31.2294	42	65.5838
1880199.jpg	299	237	74.3438	6	9.4311	35	9.4052
1880205.jpg	300	239	74.5915	6	11.9546	35	5.4165
1880206.jpg	301	225	66.9143	6	24.2673	35	6.8221
1880207.jpg	302	220	67.7507	5	9.3884	34	6.2587
1880208.jpg	303	215	66.6874	8	29.1789	34	7.9951
1880209.jpg	304	231	71.4665	6	15.376	35	9.508
1880210.jpg	305	227	77.7526	6	28.8724	34	6.665
1880214.jpg	306	233	56.5133	6	24.6121	35	15.435
1880215.jpg	307	219	73.4363	5	34.0028	34	6.2741
1880217.jpg	308	211	64.6651	7	24.9849	35	4.2586
1880219.jpg	309	221	58.4055	14	12.2076	176	78.6504
1880227.jpg	310	149	57.8868	3	15.184	42	19.8062
1880239.jpg	310	149	57.8868	3	15.184	42	19.8062
188027.jpg	310	149	57.8868	3	15.184	42	19.8062
1880270.jpg	313	101	62.3878	55	26.9054	148	58.656
1880329.jpg	314	213	61.3526	7	28.8479	35	8.5392
188035.jpg	315	233	68.2086	8	36.8125	35	30.1144
18803525.jpg	316	185	58.1335	6	36.1033	28	21.0063
18803562.jpg	317	255	50.8614	0	40.454	0	40.6667
1880357.jpg	318	35	63.2855	73	101.4413	148	38.114
1880359.jpg	319	216	77.4397	2	20.7447	42	8.1145
1880360.jpg	320	230	74.0467	6	28.2595	34	2.9167
18803604.jpg	321	255	56.4514	0	66.9841	0	36.6758
18803605.jpg	322	255	54.4259	1	80.1966	22	32.581
18803606.jpg	323	255	56.1319	0	46.5657	0	54.2914
18803626.jpg	324	255	98.3721	0	29.409	0	56.7877
18803628.jpg	325	29	61.2155	42	13.5929	221	53.0294
18803702y.jpg	326	255	68.3429	0	44.522	0	61.7387
18803711n.jpg	327	255	69.1382	0	15.8391	0	47.7304
18803787.jpg	328	241	70.9122	0	2.583	0	93.8675
188039.jpg	329	211	71.4752	6	22.1628	34	49.6607
188041.jpg	330	203	56.9162	7	40.3854	35	27.8027
188042.jpg	331	220	77.8522	6	30.1773	34	10.8712
188045.jpg	332	217	73.8438	2	32.7719	34	78.5227
188048.jpg	333	240	70.8563	5	14.2323	35	43.1585
188054.jpg	334	170	63.5285	25	27.496	228	101.8552
188055.jpg	335	199	74.7916	35	24.0164	203	36.5699
188062.jpg	336	221	78.3218	6	18.4516	34	6.5266
188063.jpg	337	170	74.4596	3	17.1697	28	21.2445
188064.jpg	338	75	65.2916	7	31.504	24	79.4881
188065.jpg	339	169	82.8865	3	38.2249	42	44.3467
188066.jpg	340	24	58.9787	7	28.2696	22	58.135
188067.jpg	341	102	64.3421	56	34.3757	8	108.4307
188068.jpg	342	177	70.3233	6	10.9357	34	5.8982
188069.jpg	343	60	56.8958	93	34.8875	7	54.3696
18806ab.jpg	344	2	85.6049	34	68.0024	11	32.8857
18807.jpg	345	255	83.7531	0	54.3939	0	26.4831
188071.jpg	346	0	57.9524	0	46.3341	0	33.6322
188073.jpg	347	216	61.3462	7	19.8404	35	2.9484
188074.jpg	348	208	68.5687	83	32.3359	142	81.9901
188075.jpg	349	227	71.6457	6	32.8254	35	43.3366
188076.jpg	350	240	70.9886	6	12.6637	35	6.3236
188077.jpg	351	218	69.361	2	9.1364	42	22.858
1880772.jpg	352	214	22.1646	64	46.9328	24	1.149
188093.jpg	353	110	46.9397	55	38.5613	71	45.324
18810428965.jpg	354	15	66.2252	34	24.4771	170	66.3795
188107013368.jpg	355	0	75.7737	0	67.9308	0	32.5749
188107099.jpg	356	243	58.3549	8	52.5995	7	37.3129
18810824102.jpg	357	137	48.2951	53	28.251	220	101.8632
18810824111.jpg	358	243	70.6573	0	12.3549	0	77.8338
18810824124.jpg	359	244	67.0909	0	9.7719	0	57.4499
188202111.jpg	360	245	65.9313	0	12.8579	0	43.5624
1882112755a.jpg	361	96	31.4614	5	5.658	106	58.3666
1882112755b.jpg	362	96	31.4614	5	5.658	106	58.3666
18830106143.jpg	363	61	71.5592	3	14.4408	42	47.9868
1883010640.jpg	364	166	69.3331	0	8.7271	0	49.032
188401262b.jpg	365	245	41.6424	0	9.8163	0	89.848
1884061442.jpg	366	46	61.68	20	56.045	18	37.3165
1884101150.jpg	367	0	75.5036	0	62.7286	0	25.3798
18841210247.jpg	368	71	89.3275	56	26.6577	212	100.0321
18841210302.jpg	369	0	69.8267	0	54.9957	0	21.0443
188507134.jpg	370	202	66.3867	5	12.5973	28	7.08
18851101423.jpg	371	1	58.4317	0	60.5075	0	23.9491
1885110167.jpg	372	0	65.2614	0	83.5722	0	24.2122
188604011368.jpg	373	255	56.2827	0	84.1463	0	23.2239
188604011371.jpg	374	255	64.0634	0	62.7589	0	37.6583
188604011372.jpg	375	248	57.6028	91	70.0473	16	24.9497
188604011405.jpg	376	252	56.0126	2	63.3201	233	103.9397
188604011411.jpg	377	252	67.651	2	57.5234	233	105.6346
188604011412.jpg	378	252	64.0499	2	62.5278	233	106.0637
188604011413.jpg	379	252	51.3986	2	71.0588	233	105.3969
188604011428.jpg	380	255	62.3172	0	61.288	0	24.0048
188604011431.jpg	381	163	45.7826	84	60.7398	18	36.4747
188604011435.jpg	382	252	59.1174	2	66.4088	233	105.1509
188604011438.jpg	383	255	66.3149	0	69.9499	0	23.1841
188604011440.jpg	384	255	60.8281	0	58.3194	0	24.2717
188604011444.jpg	385	255	71.0391	3	69.32	18	31.6541
188604011446.jpg	386	255	61.1207	11	68.5644	17	29.2575
188604011447.jpg	387	255	63.2255	0	67.7441	0	28.1837
188604011448.jpg	388	252	47.9822	2	72.287	233	103.5859
188604011452.jpg	389	255	78.0113	0	65.703	0	28.1085
188604011521.jpg	390	0	99.7172	0	46.9764	0	23.3278
188604011522.jpg	391	0	60.9269	0	54.2469	0	24.7915
188604011566.jpg	392	255	52.5176	0	59.3833	0	29.4585
1886060562.jpg	393	148	80.0232	5	13.4865	42	28.4739
188606181.jpg	394	204	71.3617	11	30.3863	26	8.0646
188606183.jpg	395	196	68.8435	4	34.6057	34	68.4687
1886100521.jpg	396	157	49.1999	116	56.2939	23	17.3648
1886100522.jpg	397	199	40.0316	109	56.1256	22	29.6994
188610055.jpg	398	255	41.5347	0	69.5265	0	24.5604
188702121.jpg	399	241	64.0742	0	14.0866	0	65.6908
18870307I795.jpg	400	156	57.7763	20	43.6496	29	51.4169
188707051.jpg	401	203	72.2846	0	10.8004	0	92.1427
188707052.jpg	402	244	76.2366	0	10.0569	0	36.5058
18870717144.jpg	403	224	80.4079	2	54.1441	28	70.8063
1887071748.jpg	404	89	69.7479	33	27.5939	23	73.898
1887071749.jpg	405	192	74.1784	7	18.9066	34	2.8918
1887071750.jpg	406	151	74.1359	9	21.5122	34	55.5281
1887071754.jpg	407	39	71.5438	127	59.0448	25	96.6528
1887071771.jpg	408	104	86.8216	47	20.401	187	104.5183
1887071772.jpg	409	160	54.0201	73	42.9641	244	85.575
1887071773.jpg	410	130	84.0086	9	17.1647	135	60.5424
1887073052.jpg	411	194	72.1023	2	4.0874	28	111.8149
188803103.jpg	412	48	46.1737	25	23.809	18	36.0627
18880601102.jpg	413	255	57.5151	0	75.0758	0	30.3826
18880601104.jpg	414	254	77.2357	2	74.0881	13	24.3887
18880601107.jpg	415	255	60.8128	0	78.9393	0	27.4868
18880601124.jpg	416	252	43.5998	2	29.2448	11	37.8377
18880601126.jpg	417	255	44.6072	3	48.6722	22	35.1997
18880601127.jpg	418	255	81.6641	0	74.6948	0	23.8563
18880601128.jpg	419	255	55.7089	1	61.7302	15	25.4051
18880601129.jpg	420	244	57.486	121	78.8582	16	23.4781
18880601130.jpg	421	255	51.3723	0	59.7175	0	27.4458
18880601140.jpg	422	255	46.5587	0	59.5796	0	24.8781
1888060119.jpg	423	150	58.5191	27	26.5734	158	88.7643
18880601695.jpg	424	255	31.3643	3	51.7125	23	27.9356
1888060184.jpg	425	255	65.7444	0	31.8768	0	22.7697
1888060198.jpg	426	178	71.7067	116	79.3977	9	25.5161
1888060199.jpg	427	255	61.1785	0	56.0595	0	19.9754
188808063.jpg	428	227	79.1716	8	24.1743	34	4.2612
188809014.jpg	429	175	67.2882	59	40.4814	142	80.1626
188901123.jpg	430	253	71.4033	2	27.5827	21	86.7159
188903141.jpg	431	255	69.5015	0	58.2879	0	28.3262
188907031.jpg	432	140	63.1187	70	63.0092	130	57.5417
188907035.jpg	433	176	59.9574	30	40.1173	176	57.7802
188910161.jpg	434	129	65.8803	17	25.8643	59	54.7634
188910163.jpg	435	231	77.5349	10	30.5544	34	7.5033
188911091.jpg	436	205	64.446	6	24.7454	34	8.9184
1890041226.jpg	437	140	42.3457	128	56.0909	22	74.1402
189007301.jpg	437	140	42.3457	128	56.0909	22	74.1402
189008051.jpg	439	194	71.0368	9	32.0728	34	5.8656
189008054.jpg	440	218	55.6498	27	53.1929	139	65.8728
189011161.jpg	441	130	55.8103	32	25.6474	191	77.5272
189106292.jpg	442	124	83.9464	61	23.0344	226	111.1977
189108061.jpg	443	3	67.5384	57	64.9994	20	22.4381
1892080110.jpg	444	31	50.2293	25	27.6902	154	60.0328
1892080111.jpg	445	218	63.1146	11	17.0227	26	4.4934
1892080112.jpg	446	231	67.1921	10	23.8437	29	29.964
1892080114.jpg	447	204	70.1789	8	13.9544	34	9.4357
189208012.jpg	448	224	69.063	12	20.3536	29	9.204
189208017.jpg	449	176	59.9949	72	33.8799	161	78.0373
189208019.jpg	450	206	76.5932	10	13.8526	29	4.52
1892110313.jpg	451	14	60.1579	36	70.8184	24	81.6158
18921103134.jpg	452	78	85.3239	24	48.4516	142	87.0403
1892110388.jpg	453	55	34.7614	44	32.9968	154	69.4281
1893091511.jpg	454	238	37.8996	2	13.4582	106	16.9902
1893091512.jpg	455	27	74.262	74	35.3312	188	84.3552
189309155.jpg	456	0	85.0898	0	49.9976	0	45.8793
189311013.jpg	457	21	90.9083	141	72.7091	187	65.7446
189311016.jpg	458	245	61.1144	0	11.0623	0	49.5734
189312202.jpg	459	245	54.0791	0	8.5018	0	21.649
18941101725.jpg	460	25	57.5561	28	46.8781	15	108.4315
189505112.jpg	461	177	86.1267	67	20.7472	20	104.4242
189505113.jpg	462	180	29.5922	111	51.1874	29	14.2409
189510182.jpg	463	107	63.466	41	34.2196	11	49.6217
189510202.jpg	464	254	49.742	2	36.9683	18	48.3177
189510261.jpg	465	12	40.4228	0	23.9256	0	31.9724
18960201213.jpg	466	255	35.2026	7	47.8589	106	70.466
18960201214.jpg	467	226	44.2878	8	47.1949	116	52.6284
189603302.jpg	468	194	58.0046	12	32.8824	49	62.1763
189605191b.jpg	469	238	51.4815	0	11.8644	0	57.1989
189610214.jpg	470	0	73.2447	0	51.581	0	60.9342
189707291.jpg	471	87	54.1744	39	31.8803	178	95.8463
189809134.jpg	472	232	63.3236	10	13.4134	29	4.3043
189809135.jpg	473	208	52.309	9	15.0916	26	4.5418
1899060913.jpg	474	190	61.0485	131	47.314	10	58.375
1899060914.jpg	475	231	74.5737	10	32.5261	29	15.1325
1899060916.jpg	476	147	77.3844	12	38.6556	29	53.0398
1899060918.jpg	477	170	73.3301	11	34.3279	29	46.103
1899060921.jpg	478	58	71.618	3	30.3559	28	48.9239
1899060922.jpg	479	187	75.8447	8	16.8765	145	43.912
1899060925.jpg	480	251	86.9592	6	20.698	161	56.6161
1899060927.jpg	481	237	77.4457	2	34.7202	106	29.4005
1899060935.jpg	482	232	76.0994	8	28.4041	42	13.8777
1899060942.jpg	483	51	59.733	27	28.8181	106	52.4882
1899060943.jpg	484	251	86.9592	6	20.698	161	56.6161
1899060949.jpg	485	253	77.1064	6	31.7484	135	39.2599
1899060953.jpg	486	234	75.9471	6	26.2171	51	22.621
189906099.jpg	487	218	63.0373	11	19.6614	29	5.1423
189907151.jpg	488	255	76.0791	0	26.8022	0	69.9373
1899071510.jpg	489	239	81.96	3	28.092	42	43.1833
1899071511.jpg	490	143	65.7179	46	52.9397	172	60.967
189907153.jpg	491	238	81.247	10	18.2372	42	18.3328
189907159.jpg	492	152	65.4678	37	32.87	142	55.746
190002091.jpg	493	119	81.3883	143	84.7443	27	34.7467
190004141.jpg	494	111	64.4401	7	13.9387	51	77.6216
1900041412.jpg	495	173	68.4575	11	22.736	49	59.1378
1900041413.jpg	496	126	66.1264	20	26.6847	29	36.482
190004142.jpg	497	211	85.9926	3	34.1609	47	43.7487
190004143.jpg	498	154	65.1249	37	38.2765	164	69.3634
190004145.jpg	499	206	83.133	5	24.1956	72	68.6192
190005221.jpg	500	186	58.2501	54	38.9529	25	27.6947
190005222.jpg	501	155	52.6389	8	35.0311	135	23.8078
190209201.jpg	502	219	45.5971	0	12.0881	0	44.0619
1902100213.jpg	503	173	58.0387	68	46.4785	157	68.4731
1902100214.jpg	504	201	57.5417	66	41.4752	180	91.1869
1902100215.jpg	505	141	61.9696	35	37.8166	103	56.2473
1902100217.jpg	506	215	63.9945	4	8.9645	177	91.6795
1902100218.jpg	507	245	89.0818	3	31.4042	59	56.281
190210022.jpg	508	198	66.9268	6	33.0162	155	46.9171
1902100221.jpg	509	184	59.2329	70	34.7273	151	78.2858
1902100222.jpg	510	228	77.9354	3	24.1532	54	28.9571
1902100226.jpg	511	172	52.2326	34	52.5369	148	79.9595
1902100229.jpg	512	255	73.6415	0	32.7494	0	26.7312
190210023.jpg	513	218	79.9909	8	27.7022	145	47.2088
1902100230.jpg	514	181	86.6406	5	36.062	77	49.9964
1902100247.jpg	515	222	83.5341	5	35.6897	60	32.0529
1902100251.jpg	516	136	84.4377	9	22.7392	70	38.2308
190210026.jpg	517	201	71.3134	14	28.9319	150	36.8331
190210027.jpg	518	184	72.2515	6	31.1917	106	47.8889
190210111.jpg	519	0	69.8435	0	50.8355	0	24.7211
190212201.jpg	520	202	64.0614	2	22.5071	33	72.2056
19021220176.jpg	521	146	76.5787	43	20.8692	215	110.7342
19021220192.jpg	522	177	72.0297	7	19.9876	59	33.528
190212202.jpg	523	131	56.9296	8	43.9307	28	62.8086
19021220542.jpg	524	143	59.1899	17	37.7943	31	35.3156
190306225.jpg	525	247	80.8618	5	34.1803	135	48.4288
19040204397.jpg	526	193	76.5454	2	18.8236	42	78.3977
1904121718.jpg	527	123	86.531	13	17.3413	127	32.3911
190412175.jpg	528	243	76.9253	7	13.2686	56	20.8006
190506121.jpg	529	255	33.2945	0	21.6612	0	16.1217
1905061210.jpg	530	255	51.1032	0	32.4125	0	20.683
1905061211.jpg	531	255	58.3468	0	28.0358	0	19.3833
190506126.jpg	532	255	50.4919	0	33.4269	0	20.8573
190506128.jpg	533	255	55.3846	0	21.8146	0	30.9341
190506129.jpg	534	255	41.1204	0	35.827	0	21.5828
190512181.jpg	535	54	50.679	32	38.8189	31	61.6765
190512182.jpg	536	31	61.5592	15	34.4321	30	112.03
190512183.jpg	537	218	88.6747	7	27.8186	26	46.9563
190604133.jpg	538	126	78.8603	94	24.9063	14	92.1316
190605123.jpg	539	112	45.7637	55	28.4528	176	73.9317
190605124.jpg	540	52	66.2444	46	21.8108	70	66.2827
190607192.jpg	541	246	64.7726	0	10.052	0	50.4705
1907051810.jpg	542	15	69.752	72	23.8163	233	90.2948
1907051914.jpg	543	244	64.676	0	6.4327	0	23.0264
1907051924.jpg	544	220	74.5316	0	10.24	0	59.8412
1907051925.jpg	545	240	76.8764	0	11.6506	0	38.8365
1907051926.jpg	546	236	71.5977	2	13.0085	106	69.1187
1907051927.jpg	547	235	74.806	3	26.1929	106	26.5599
1907051928.jpg	548	241	76.3055	0	22.2403	0	82.8553
1907051933.jpg	549	245	72.796	0	9.9196	0	71.9593
1907051935.jpg	550	222	84.2612	0	6.6372	0	49.7334
1907051939.jpg	551	232	60.8011	0	9.6761	0	54.0912
1907051945.jpg	552	154	71.0785	75	28.122	145	74.511
1907051948.jpg	553	238	63.4081	0	10.4657	0	78.6524
1907051949.jpg	554	241	57.7664	0	11.9824	0	44.2656
1907051950.jpg	555	247	50.7373	0	10.224	0	34.8262
190705197.jpg	556	165	59.5227	0	8.2824	0	72.6092
1907052070.jpg	557	190	57.2818	36	59.2741	42	20.7042
19071111174.jpg	558	166	49.9815	4	48.1527	21	59.1842
19071111175.jpg	559	157	47.0071	5	35.4492	24	91.9931
19071111178.jpg	560	180	64.3485	3	50.5602	20	46.3136
19071111180.jpg	561	195	58.6307	2	27.1961	29	49.9893
19071111182.jpg	562	154	59.1214	6	50.7275	21	44.175
19071111183.jpg	563	168	59.2979	6	43.69	24	37.9715
19071111185.jpg	564	177	60.6359	5	49.1482	22	43.3627
19071111186.jpg	565	172	59.6338	2	52.6446	21	31.5848
19071111188.jpg	566	185	62.9925	2	37.7195	23	50.0573
19071111191.jpg	567	185	63.5328	2	45.4099	27	55.5279
19071111193.jpg	568	192	60.1137	2	43.7852	23	42.3065
19071111195.jpg	569	162	64.4014	3	23.3732	30	80.2198
19071111199.jpg	570	173	64.6204	6	45.6268	22	47.8962
1907111146.jpg	571	211	55.9048	2	32.8583	20	69.003
1907111155.jpg	572	175	58.1401	4	21.3495	28	55.4255
1907111162.jpg	573	204	65.0861	24	25.2416	21	15.4388
1907111167.jpg	574	149	52.5598	7	37.5702	26	49.155
1907111168.jpg	575	155	57.6872	45	25.942	22	70.3688
1907111172.jpg	576	153	52.6644	8	32.7787	29	40.7163
1907111173.jpg	577	164	59.1508	7	27.931	28	56.2119
19071201813.jpg	578	22	76.9065	69	104.0614	155	68.8638
190712281.jpg	579	255	58.408	0	31.4723	0	23.5684
1909051232.jpg	580	101	53.8733	105	31.2933	23	7.9235
190905234.jpg	581	227	52.9553	0	8.0511	0	36.3267
190905237.jpg	582	219	82.2162	0	10.7591	0	48.3196
190905238.jpg	583	243	76.2802	0	9.7609	0	57.8302
1909120126.jpg	584	173	44.531	12	62.2049	59	60.7605
19100222255.jpg	585	254	67.3891	2	97.5702	3	43.5821
19100222256.jpg	586	228	40.3488	35	76.1291	120	55.1652
19100222257.jpg	587	255	53.4103	2	103.948	5	31.998
19100222258.jpg	588	255	52.838	1	89.7339	11	39.8103
191006161.jpg	589	167	52.5824	8	22.0515	77	19.3653
191010141.jpg	590	0	4.8688	0	10.3638	0	4.2468
191104151.jpg	591	255	38.0256	0	60.6347	0	26.9589
191104161.jpg	592	90	59.2213	51	26.7106	143	67.7286
1911061722.jpg	593	73	83.7959	17	60.3528	11	54.6958
19110710112.jpg	594	214	89.534	4	49.5791	106	52.4944
191107174.jpg	595	157	49.5881	72	38.6716	155	78.9964
191107176.jpg	596	2	47.1898	19	42.1839	15	20.8584
191212211.jpg	597	123	66.5065	42	33.2577	23	61.3822
191212212.jpg	598	154	57.4548	64	43.1081	134	73.5735
191311081.jpg	599	207	77.5925	10	11.9666	42	18.4758
1913110810.jpg	600	171	77.7163	8	8.0648	116	49.9634
1913110814.jpg	601	209	67.1118	9	11.2732	145	36.2456
1913110817.jpg	602	156	86.0332	16	23.5673	36	28.4729
1913110818.jpg	603	254	87.2522	9	12.6338	127	52.6109
191311082.jpg	604	117	83.264	17	24.9131	15	79.9564
1913110821.jpg	605	174	59.0465	6	20.1534	34	45.2611
1913110822.jpg	605	174	59.0465	6	20.1534	34	45.2611
191311083.jpg	607	154	81.6083	7	24.9652	99	38.6596
191311088.jpg	608	183	77.6228	4	14.4216	70	55.9113
191405021.jpg	609	244	71.3581	0	12.968	0	34.1007
191405166.jpg	610	233	60.8774	0	9.0152	0	66.6455
191405169.jpg	611	239	57.447	0	9.311	0	33.4223
191705011.jpg	612	170	61.2384	37	42.7099	176	80.3253
191705012.jpg	613	254	86.069	1	34.1948	35	42.5979
191705013.jpg	614	146	56.2323	37	44.0075	142	75.2173
19170701125.jpg	615	11	87.9955	7	41.9733	175	103.3238
1917100910.jpg	616	243	85.3834	2	20.4572	47	60.9886
1917100911.jpg	617	185	56.9662	15	46.7301	173	86.8676
1917100912.jpg	618	187	69.8698	21	25.1536	222	14.451
1917100913.jpg	619	238	78.1128	3	10.4111	72	51.8446
191710095.jpg	620	174	53.051	134	60.9113	6	64.9913
191710099.jpg	621	196	54.5294	64	39.6249	170	86.3717
191806122.jpg	622	217	68.6203	2	10.7389	28	88.9674
191901010511.jpg	623	128	45.7906	119	32.8868	28	5.1694
191901010511113.jpg	624	170	53.5321	27	30.1464	24	4.7396
191901010512.jpg	625	122	61.4502	87	39.3591	25	6.015
191901010513.jpg	626	125	57.876	90	36.0905	27	2.4455
191901010514.jpg	627	192	54.6117	53	37.2332	23	22.2868
191901010515.jpg	628	130	54.7287	96	35.1436	25	4.1858
191901010516.jpg	629	173	57.7462	31	33.3634	24	3.634
19190101051710.jpg	630	170	53.5321	27	30.1464	24	4.7396
19190101058.jpg	631	152	24.8065	98	25.3315	27	31.2701
192202111.jpg	632	149	73.568	8	14.4521	51	54.6803
192204201.jpg	633	255	62.6422	1	40.4727	14	25.7269
19230401676.jpg	634	11	57.7089	76	53.2114	155	87.0309
1923101328.jpg	635	87	81.7011	22	49.6748	7	29.9271
192405151.jpg	636	220	47.5911	9	47.6314	34	53.1659
192405152.jpg	637	244	66.3497	0	10.5181	0	72.6931
1925061918.jpg	638	169	53.5149	3	34.6539	26	55.0507
1925061920.jpg	639	132	27.6378	81	23.1721	26	39.0993
192506196.jpg	640	159	49.6076	85	34.7728	31	5.7688
1925112010.jpg	641	255	68.3857	0	32.4015	0	60.8204
192511209.jpg	642	255	58.796	0	29.7246	0	51.9936
1926032451.jpg	643	164	77.6769	0	11.8807	0	49.5004
1926032462.jpg	644	179	74.2556	0	6.4094	0	67.6097
1926032498.jpg	645	177	70.5148	0	10.2803	0	71.9142
192604122.jpg	646	211	53.8777	0	13.3028	0	53.9191
1926041513.jpg	647	73	71.159	11	17.1037	70	42.0091
1926041515.jpg	648	63	66.6232	24	18.8829	173	83.4793
1926062414.jpg	649	167	78.3983	0	12.8789	0	74.8183
192609301.jpg	650	243	66.776	0	7.9125	0	83.4156
1926093011.jpg	651	232	72.1442	0	7.1276	0	93.2682
1926093020.jpg	652	98	70.1024	88	35.5097	188	100.787
1926093026.jpg	653	242	69.2152	0	12.0495	0	71.4771
1926093039.jpg	654	53	72.3434	33	30.0309	178	88.4817
1926093040.jpg	655	179	50.7167	2	14.2349	28	81.2143
1926093047.jpg	656	255	69.8334	0	62.8477	0	59.1782
1926093049.jpg	657	255	66.9934	0	42.4261	0	62.6242
1926093061.jpg	658	255	60.5638	3	42.5159	16	37.7836
192609307.jpg	659	255	83.9752	0	20.3784	0	27.6697
192609309.jpg	660	255	78.7117	0	39.2102	0	64.5171
192702142.jpg	661	147	50.8213	55	33.8323	145	66.8946
19281022137.jpg	662	209	56.5106	7	28.7096	155	69.4206
19291016164.jpg	663	103	84.3259	18	40.7136	2	92.6784
192911042.jpg	664	255	82.5012	0	17.6455	0	56.2942
192911044.jpg	665	237	85.4658	5	27.2732	49	33.2707
1930102113.jpg	666	160	62.3812	7	30.222	42	41.0939
1930102117.jpg	667	144	54.204	12	34.5769	34	15.9366
1930102122.jpg	668	154	54.1696	9	33.8683	34	16.4034
1930102124.jpg	669	188	63.9053	4	36.0844	31	27.3477
1930102125.jpg	670	161	54.3571	9	41.9906	28	16.9262
1930102156.jpg	671	182	60.938	4	41.3743	28	44.4411
1930102157.jpg	672	183	56.8231	3	23.1657	42	54.1394
1930102158.jpg	673	190	65.4611	2	31.4285	40	43.7116
193010217.jpg	674	173	58.4647	2	32.922	30	20.7021
193012176.jpg	675	235	62.6476	3	37.8247	10	47.8523
193207091.jpg	676	0	54.8329	0	83.2399	0	46.3796
1932121054.jpg	677	133	34.5084	5	27.6218	135	54.8568
193307121.jpg	678	253	56.0791	2	32.1684	14	72.9865
193503121.jpg	679	1	80.3852	52	94.4427	0	42.9182
1935061118.jpg	680	189	71.1121	0	13.0522	0	73.3166
19360613276.jpg	681	255	94.4856	0	12.9614	0	74.6845
193707151.jpg	682	174	86.7649	9	30.6259	54	17.5868
19370716153.jpg	683	253	89.4966	2	39.9603	20	23.277
19370716156.jpg	684	0	38.9445	0	56.1875	0	27.9275
193710131.jpg	684	0	38.9445	0	56.1875	0	27.9275
193804121.jpg	686	25	71.8169	60	37.0212	188	99.4472
193807151.jpg	687	0	84.431	0	60.3101	0	29.7363
1939011916.jpg	688	160	65.754	109	48.9948	8	76.6715
193905251.jpg	689	77	80.7112	31	26.4878	170	110.9871
194007132.jpg	690	231	70.6763	13	9.8983	147	30.4731
194007134.jpg	690	231	70.6763	13	9.8983	147	30.4731
1945041720.jpg	692	107	75.4941	29	23.9579	22	69.1814
194510122.jpg	693	156	90.0958	21	16.3318	155	83.0909
19451017203.jpg	694	173	73.6958	36	47.3859	24	30.6949
194705111.jpg	695	0	73.1998	0	43.7476	0	28.292
194710161.jpg	695	0	73.1998	0	43.7476	0	28.292
19480501166.jpg	697	230	56.8911	0	10.4068	0	61.5113
1948050126.jpg	698	245	82.4211	0	9.9816	0	52.5801
194810111.jpg	699	225	70.4753	15	24.093	225	48.8614
195007271.jpg	700	156	55.6777	29	42.8708	206	55.1901
195012116.jpg	700	156	55.6777	29	42.8708	206	55.1901
1951060625.jpg	702	242	57.358	0	10.5313	0	46.6282
195305013.jpg	703	247	49.9508	0	12.0591	0	42.8251
195305015.jpg	704	135	45	39	51.3368	240	109.872
195507166.jpg	705	223	53.745	2	16.9552	106	35.7863
195601062.jpg	706	240	45.4512	0	7.7564	0	23.9141
195602141.jpg	707	54	78.9407	106	46.2411	17	31.2196
195702151.jpg	708	24	58.4536	25	38.4291	155	78.6512
195704291.jpg	709	219	77.1071	8	11.2759	143	37.5119
195710151.jpg	710	135	49.6131	24	41.8856	191	43.0708
195805101.jpg	711	173	83.4389	0	9.3569	0	86.3163
195805141.jpg	712	162	73.7473	8	13.2517	51	13.589
195807141.jpg	713	14	56.7524	11	46.3812	11	92.6975
195904154.jpg	714	25	71.7371	18	27.7022	24	28.1427
196004115.jpg	715	248	87.8235	2	12.2378	35	39.5414
196007221.jpg	716	152	38.6948	60	38.1661	26	69.7455
196102181.jpg	717	48	45.7754	6	22.3238	35	58.6923
1961051910.jpg	718	214	76.6129	5	28.318	93	41.1222
1961051911.jpg	719	242	74.6237	5	13.1465	51	26.7078
196105193.jpg	720	250	86.6138	5	16.5383	51	33.7072
196105194.jpg	721	232	70.9185	2	11.2598	70	68.201
196204211.jpg	722	0	71.4334	0	57.8408	0	24.4341
196211141.jpg	723	244	69.7462	5	12.1513	42	29.9429
196211261.jpg	724	160	22.5906	98	80.1245	18	61.0335
196211263.jpg	725	166	33.0802	109	78.9763	19	33.6845
196305222.jpg	726	253	76.9745	0	3.7156	0	26.7326
196508011.jpg	727	194	59.9543	8	11.4184	154	38.4878
19650930895.jpg	728	255	70.0972	0	60.3792	0	22.2826
19650930896.jpg	729	255	53.4856	0	75.7339	0	22.7466
19650930974.jpg	730	255	83.0698	0	75.8592	0	27.1371
196602172.jpg	731	52	51.7857	0	29.8135	0	71.5961
196610171.jpg	732	170	67.9244	6	34.9727	36	47.1059
196610172.jpg	733	133	66.8733	37	31.4042	184	82.4502
19670221105.jpg	733	133	66.8733	37	31.4042	184	82.4502
196702215.jpg	735	159	70.8847	9	8.5149	116	38.8906
196901152.jpg	736	181	43.8162	32	10.3612	144	63.6716
196907251.jpg	737	255	97.228	0	36.6733	0	59.5811
197006021.jpg	738	115	54.1571	20	29.4357	196	110.3645
197007181.jpg	739	218	78.6703	2	23.5294	8	40.502
197109241.jpg	740	102	90.2447	78	36.9777	28	86.9825
197201181.jpg	741	12	69.1587	0	27.6815	0	78.7871
197201254.jpg	742	255	68.0669	0	62.3831	0	42.9424
19720801144.jpg	743	255	63.4004	0	7.0704	0	30.115
197209201.jpg	744	102	55.9223	39	46.6386	8	94.137
197303043.jpg	745	175	67.1925	0	6.8368	0	49.1601
1973032711.jpg	746	85	95.2583	45	54.4485	13	54.1977
1973032714.jpg	747	105	63.4199	34	18.1743	16	87.6273
1973050165.jpg	748	255	55.2255	3	66.2765	15	25.2757
1973050166.jpg	749	250	74.1007	0	64.1612	0	41.2754
1974082229.jpg	750	254	48.9011	0	33.4106	0	42.112
1975072618.jpg	751	221	59.7951	0	2.2158	0	82.566
197601025.jpg	752	255	41.1349	0	70.7425	0	24.7878
197607243.jpg	753	255	57.2806	2	62.5484	16	24.3472
197803061.jpg	754	255	55.0726	0	25.1525	0	24.2887
197901301.jpg	755	155	77.2955	17	13.0661	47	26.9119
197906281.jpg	756	211	80.8439	15	23.1415	156	33.3834
198002251.jpg	757	99	64.1948	19	34.0609	162	80.1647
198104141.jpg	758	248	59.7189	2	15.8607	233	82.1893
198106101.jpg	759	29	61.227	10	62.2832	99	83.6042
198201271.jpg	760	159	39.7337	35	19.8353	20	60.5414
198203311.jpg	761	255	83.0132	0	24.5515	0	73.4999
198204064.jpg	762	253	70.3142	7	41.6878	14	43.1359
19820729106.jpg	763	243	68.7968	0	12.7983	0	59.2306
19820729547.jpg	764	242	61.1578	0	9.7652	0	42.7664
1982072982.jpg	765	152	88.8773	70	28.7354	14	109.1613
1982072986.jpg	766	134	91.5172	67	37.2999	219	98.4592
1982072990.jpg	767	245	60.3592	0	10.981	0	65.3684
1982072994.jpg	768	128	84.1142	80	31.591	203	107.4644
1982072997.jpg	769	114	85.4054	56	37.0583	202	99.9478
198406131.jpg	770	72	67.9337	12	13.0251	51	10.4328
198505102.jpg	771	157	30.5543	49	33.8792	27	40.5441
198506171.jpg	772	225	53.1767	26	17.4155	22	10.3447
1986100612.jpg	773	46	70.2957	49	40.6458	26	13.6635
1986100613.jpg	774	81	62.2104	78	38.3705	186	73.3931
198610067.jpg	775	222	78.8294	3	13.1735	198	85.7838
199101311.jpg	776	0	58.7581	0	56.5667	0	40.0205
199208111.jpg	777	39	50.9275	13	28.6518	42	17.5964
199410012.jpg	778	46	69.0758	34	53.9883	21	71.9744
199506191.jpg	779	240	68.9275	0	16.545	0	88.0513
199512111.jpg	780	240	58.3668	0	7.2131	0	78.7167
199909271.jpg	781	23	61.8735	61	36.2511	198	83.3365
2000120996.jpg	782	68	47.1864	88	25.4587	172	69.6048
200303192.jpg	783	60	73.5714	30	52.0539	29	12.5349
200403311.jpg	784	237	24.2307	5	54.3263	8	33.39
200404011.jpg	785	59	52.4964	216	42.29	18	7.1298
200509201.jpg	786	14	85.7219	31	41.6949	21	55.7516
200604131.jpg	787	161	51.1005	3	29.0458	35	70.0834
201130473.jpg	788	161	55.1855	7	26.2007	31	42.6994
201130476.jpg	789	189	57.0178	3	30.2445	27	46.6731
20115003361.jpg	790	151	50.3729	141	59.7115	21	16.189
20115009286.jpg	791	255	36.2885	0	69.0754	0	23.0014
20115009288.jpg	792	255	49.9724	0	57.3646	0	22.3986
6678.jpg	793	0	52.8427	0	66.3915	0	34.9917
941.jpg	794	1	68.1813	0	62.8574	0	25.5388
9736.jpg	795	255	54.385	0	16.7586	0	65.9233
As186412017.jpg	796	209	45.1609	89	27.0599	35	51.1849
gandhara_brightness_median vs hue_median.tif	797	70	52.9801	0	23.757	0	52.1717
greek10.jpg	798	255	48.8876	0	54.0268	0	24.3877
greek149.jpg	799	219	59.4737	75	73.6221	15	26.7994
greek150.jpg	800	255	52.3952	4	66.3172	15	25.7253
greek156.jpg	801	255	58.8523	0	65.4316	0	20.6177
greek157.jpg	802	255	54.8787	0	62.4381	0	21.967
greek160.jpg	803	255	52.6571	0	62.728	0	26.0842
greek165.jpg	804	255	65.8311	0	66.3667	0	22.3635
greek166.jpg	805	255	63.9931	0	69.7295	0	27.3662
greek170.jpg	806	255	57.3114	0	55.6509	0	27.2264
greek171.jpg	807	255	48.8052	3	68.712	13	27.1194
greek177.jpg	808	193	69.2744	66	56.0606	18	39.8192
greek180.jpg	809	255	35.3915	0	55.8652	0	21.6034
greek183.jpg	810	255	60.6157	0	41.7844	0	25.6905
greek189.jpg	811	196	64.7978	107	74.2994	14	30.1453
greek191.jpg	812	255	47.6421	0	59.4038	0	24.0859
greek195.jpg	813	255	61.9201	0	69.2614	0	23.0216
greek198.jpg	814	255	54.1104	0	61.3758	0	25.184
greek199.jpg	815	255	46.9335	0	52.1421	0	27.913
greek20.jpg	816	255	58.0741	0	39.6014	0	23.5707
greek206.jpg	817	255	75.9446	0	51.1891	0	22.6295
greek207.jpg	818	255	69.5117	0	70.2501	0	22.0145
greek217.jpg	819	255	57.7707	0	47.3771	0	24.1742
greek228.jpg	820	255	38.3573	0	27.9417	0	20.4974
greek235.jpg	821	255	47.9279	0	60.3455	0	28.4291
greek239.jpg	822	255	40.1351	0	54.354	0	24.8222
greek240.jpg	823	255	35.5645	0	45.2747	0	22.2548
greek241.jpg	824	0	81.6365	0	59.8308	0	24.4541
greek250.jpg	825	255	49.2613	0	56.9156	0	27.4958
greek252.jpg	826	0	69.0428	0	49.6073	0	42.5119
greek264.jpg	827	255	46.4823	0	61.2521	0	23.7155
greek273.jpg	828	255	42.7682	0	52.1331	0	23.3292
greek274.jpg	829	255	59.4342	0	45.3549	0	24.8178
greek280.jpg	830	255	55.46	1	61.0767	15	26.7503
greek290.jpg	831	0	62.5037	0	65.5006	0	27.1583
greek297.jpg	832	0	75.806	0	59.5609	0	24.2926
greek298.jpg	833	233	51.386	68	74.1636	14	30.9297
greek308.jpg	834	255	63.6223	0	15.3611	0	84.3541
greek310.jpg	835	240	42.2946	0	19.5864	0	43.0663
greek312.jpg	836	255	57.1672	0	37.9384	0	36.2107
greek319.jpg	837	0	76.2861	0	55.4943	0	23.3271
greek331.jpg	838	255	66.2598	0	60.0912	0	23.0379
greek332.jpg	839	250	59.9636	5	71.875	18	79.7777
greek337.jpg	840	255	49.8711	0	49.9045	0	25.6245
greek345.jpg	841	217	43.7272	3	23.0934	18	67.1353
greek351.jpg	842	255	57.4509	0	69.1412	0	25.4549
greek352.jpg	843	186	54.29	8	35.7687	187	83.74
greek358.jpg	844	2	94.3778	25	56.1271	0	29.3619
greek364.jpg	844	2	94.3778	25	56.1271	0	29.3619
greek366.jpg	846	240	43.2765	0	21.3866	0	45.6153
greek367.jpg	847	255	63.3061	0	40.2064	0	27.7934
greek370.jpg	848	253	61.8461	0	3.6375	0	77.2972
greek373.jpg	849	255	47.8636	0	38.8368	0	20.5002
greek402.jpg	850	255	60.3931	0	68.7767	0	22.1354
greek405.jpg	851	255	40.1408	0	33.8273	0	21.0872
greek406.jpg	852	195	46.5528	3	43.7066	70	43.2836
greek409.jpg	853	255	39.5531	0	13.6797	0	68.1383
greek410.jpg	854	0	74.0796	0	57.4983	0	20.8029
greek417.jpg	855	255	54.4427	0	52.6352	0	19.5157
greek42.jpg	856	255	61.0368	0	55.5359	0	23.2122
greek423.jpg	857	255	41.2437	0	42.5078	0	21.3071
greek425.jpg	858	255	34.9466	0	51.8537	0	22.6588
greek43.jpg	859	255	49.6943	0	66.7651	0	25.3783
greek430.jpg	860	33	48.0322	76	27.891	163	72.7648
greek433.jpg	861	255	35.2902	0	39.1867	0	23.5834
greek437.jpg	862	255	64.1895	0	60.0689	0	25.4848
greek441.jpg	863	255	60.4368	0	10.9124	0	59.3075
greek444.jpg	864	255	44.9069	0	33.8529	0	25.6268
greek445.jpg	865	255	53.5897	0	46.8852	0	22.3931
greek446.jpg	866	255	55.7267	0	60.3729	0	24.4731
greek447.jpg	867	255	51.5943	0	55.4662	0	24.2143
greek45.jpg	868	255	62.4765	0	42.1264	0	21.471
greek46.jpg	869	255	63.4711	0	42.266	0	24.497
greek460.jpg	870	255	59.769	0	49.5943	0	42.7579
greek461.jpg	871	255	52.202	0	73.1388	0	22.2424
greek463.jpg	872	67	92.4134	46	58.5135	12	22.6846
greek47.jpg	873	255	53.3758	0	52.7403	0	24.2785
greek48.jpg	874	255	56.8109	0	50.0412	0	22.7311
greek49.jpg	875	255	56.8883	0	38.5703	0	22.155
greek5.jpg	876	255	24.6768	0	31.8192	0	25.1852
greek50.jpg	877	255	42.2206	0	31.2045	0	23.0371
greek504.jpg	878	0	73.3566	0	63.9687	0	29.1687
greek507.jpg	879	125	85.0076	20	29.333	3	46.0964
greek508.jpg	880	0	70.7207	0	73.7166	0	22.8454
greek51.jpg	881	255	51.0526	0	32.8257	0	21.3383
greek510.jpg	882	254	51.8372	0	50.3964	0	25.6309
greek523.jpg	883	255	45.7982	0	44.1381	0	23.976
greek53.jpg	884	255	51.7151	0	48.5564	0	25.4408
greek55.jpg	885	255	53.5395	0	44.5362	0	23.8368
greek557.jpg	885	255	53.5395	0	44.5362	0	23.8368
greek57.jpg	887	201	51.2146	72	54.4584	20	24.8484
greek58.jpg	888	178	62.9119	84	57.3427	17	25.713
greek6.jpg	889	255	23.8279	0	36.2029	0	29.7621
greek606.jpg	890	255	92.706	0	65.7636	0	22.9545
greek608.jpg	891	255	62.8071	0	54.192	0	22.6409
greek61.jpg	892	245	48.8002	30	55.7467	17	23.5195
greek610.jpg	893	0	81.0429	0	62.4748	0	25.5255
greek611.jpg	894	255	51.7112	0	38.1464	0	35.3288
greek612.jpg	895	0	74.1449	0	61.2757	0	23.2651
greek615.jpg	896	255	37.3782	1	46.8333	8	27.1945
greek62.jpg	897	45	83.5962	43	60.8872	15	24.3316
greek620.jpg	898	0	71.3478	0	62.718	0	22.5588
greek621.jpg	899	255	85.9348	0	28.6981	0	22.8843
greek63.jpg	900	255	70.6413	0	86.9925	0	24.2631
greek64.jpg	901	222	59.0974	62	53.3454	17	25.4221
greek646.jpg	902	255	58.2349	0	74.4824	0	20.4353
greek647.jpg	903	255	72.4805	0	77.5335	0	24.0992
greek648.jpg	904	0	86.4164	0	58.8366	0	24.1371
greek65.jpg	905	1	73.6507	37	56.5093	0	22.2759
greek66.jpg	906	255	70.8235	1	72.9027	14	22.9132
greek67.jpg	907	255	59.2468	0	68.4263	0	24.1138
greek68.jpg	908	255	43.578	0	48.4174	0	24.3629
greek69.jpg	909	255	47.9362	1	57.0584	19	25.6618
greek7.jpg	910	255	37.8239	0	24.6774	0	22.0307
greek70.jpg	911	69	79.682	59	57.8496	11	24.0958
greek71.jpg	912	255	54.8263	0	75.959	0	21.8283
greek72.jpg	913	203	45.5879	85	55.9196	16	21.3091
greek73.jpg	914	249	50.6114	21	59.9929	18	26.5511
greek74.jpg	915	0	67.3191	0	60.2426	0	25.2851
greek75.jpg	916	255	57.2448	0	65.4348	0	24.5211
greek76.jpg	917	255	55.8917	0	63.0976	0	22.6225
greek77.jpg	918	255	36.7124	1	61.3234	14	24.7825
greek78.jpg	919	255	55.3175	0	47.4322	0	25.3481
greek79.jpg	920	42	79.9859	54	62.0658	8	26.745
greek8.jpg	921	255	48.1865	0	40.1476	0	27.0315
greek80.jpg	922	255	52.7855	0	57.1948	0	25.7751
greek81.jpg	923	191	49.9785	67	51.979	23	26.314
greek83.jpg	924	217	41.2193	64	53.6784	22	28.5191
greek84.jpg	925	255	55.5473	4	61.9314	19	23.9629
greek85.jpg	926	73	77.1888	56	58.4057	10	24.5416
greek86.jpg	927	47	66.5428	71	63.0532	12	23.4214
greek87.jpg	928	250	66.0925	7	27.8685	1	101.9476
greek88.jpg	929	231	65.1954	8	36.8832	15	31.9063
greek89.jpg	930	0	82.6078	0	58.0411	0	22.9261
greek9.jpg	931	255	38.0334	0	25.5593	0	20.4093
greek90.jpg	932	254	41.7819	0	24.8732	0	89.9348
greek91.jpg	933	255	51.2055	0	54.2611	0	23.5036
greek92.jpg	934	192	59.7864	30	36.7468	4	74.2042
greek93.jpg	935	255	48.6074	2	24.4421	233	106.4901
greek94.jpg	936	222	56.4632	44	57.6844	15	22.6735
MAS1000.jpg	937	241	43.2956	11	15.7184	191	69.7287
MAS1011.jpg	938	242	40.5996	5	23.6575	198	84.7261
MAS1012.jpg	939	239	45.3456	5	24.7044	205	93.2413
MAS1079.jpg	940	178	67.7098	5	32.8766	27	78.3221
MAS1082.jpg	941	255	55.4152	0	21.8503	0	49.3185
MAS1090.jpg	942	199	54.6713	6	47.2787	93	37.2895
MAS1111.jpg	943	243	67.6046	9	27.2861	21	20.4533
MAS154.jpg	944	173	70.4403	2	21.6643	42	26.1973
MAS182.jpg	945	176	59.1634	6	30.6097	34	78.0715
MAS188.jpg	946	214	76.3938	0	16.581	0	54.5206
MAS199.jpg	947	202	72.9473	2	28.0391	24	83.4265
MAS225.jpg	948	200	61.9114	2	16.962	42	47.5269
MAS247.jpg	949	168	55.5641	21	50.1154	16	24.4006
MAS248.jpg	950	154	53.4887	14	45.5738	18	23.856
MAS249.jpg	951	167	67.062	19	53.1714	14	20.7429
MAS250.jpg	952	179	67.8374	2	39.3333	22	31.5288
MAS258.jpg	953	167	59.5708	7	40.4523	34	34.9919
MAS259.jpg	954	174	61.1523	6	44.1215	42	39.0951
MAS260.jpg	955	176	57.9682	0	30.036	0	44.1017
MAS264.jpg	956	178	57.5084	6	36.9986	28	35.7998
MAS286.jpg	957	184	58.9078	2	35.5549	23	67.1563
MAS309.jpg	958	191	61.3883	14	42.4883	15	89.1829
MAS323.jpg	959	157	58.9486	19	39.1185	7	92.9411
MAS324.jpg	960	147	62.7451	21	48.1962	15	76.388
MAS325.jpg	961	177	64.0987	2	39.1066	34	45.155
MAS326.jpg	962	165	51.8037	3	41.8336	28	68.9462
MAS328.jpg	963	160	50.5759	8	36.5632	29	22.3515
MAS330.jpg	964	173	62.7408	2	45.329	20	67.7581
MAS340.jpg	965	241	46.9895	15	23.5335	20	17.9247
MAS341.jpg	966	179	55.7573	6	25.2805	34	59.8549
MAS344.jpg	967	249	51.7423	5	25.6307	29	108.1255
MAS351.jpg	968	163	57.842	7	23.5064	30	43.4096
MAS353a.jpg	969	150	62.8047	3	33.8752	26	72.8981
MAS353b.jpg	970	173	55.1407	2	30.474	30	41.345
MAS354.jpg	971	192	64.8986	0	25.2087	0	54.649
MAS355.jpg	972	159	55.9279	3	25.2346	42	60.9436
MAS356.jpg	973	198	62.3457	2	32.329	26	43.4034
MAS357.jpg	974	161	58.6954	2	55.6673	21	42.9276
MAS361.jpg	975	202	67.7376	0	29.5842	0	63.4711
MAS382.jpg	976	195	63.8906	2	25.7875	28	42.9316
MAS383.jpg	977	199	63.8259	2	23.9709	30	35.3938
MAS406.jpg	978	255	44.9397	0	35.6976	0	21.6627
MAS419.jpg	979	168	66.5653	12	32.3843	28	67.8077
MAS421.jpg	980	161	57.5798	7	27.5699	27	69.2756
MAS426.jpg	981	188	66.3872	10	27.8441	33	71.3354
MAS437.jpg	982	178	58.6468	3	28.6324	155	71.8436
MAS452.jpg	983	211	45.366	6	60.8377	20	72.096
MAS459.jpg	984	149	49.5846	82	47.9173	21	57.2363
MAS460.jpg	985	198	39.7177	25	16.9759	21	6.7583
MAS479.jpg	986	192	62.7413	0	32.6841	0	66.2841
MAS627.jpg	987	173	58.9653	55	42.6721	16	65.9395
MAS981.jpg	988	254	54.5357	2	18.7503	11	87.7434
MAS983.jpg	989	73	50.2964	66	45.5752	26	30.3669
MAS984.jpg	990	185	63.5383	6	25.8941	170	74.3335
MAS990.jpg	991	176	56.4442	11	32.4023	34	50.9361
OC359.jpg	991	176	56.4442	11	32.4023	34	50.9361
PDFA200.jpg	993	125	41.8133	82	20.059	138	57.6614
SpIII21.jpg	994	0	86.3176	0	57.3366	0	25.9726
