filename	imageID	brightness_median	brightness_stdev	saturation_median	saturation_stdev	hue_median	hue_stdev
12745.jpg	1	255	79.1453	0	57.9964	0	28.004
13769.jpg	2	1	78.6528	0	92.7181	0	57.8092
17560101955.jpg	3	152	65.3201	2	14.1622	28	79.1901
176009191.jpg	4	0	40.8305	0	50.7241	0	61.7298
1772031479.jpg	5	243	33.4117	6	64.2964	34	12.9995
1805070377.jpg	6	155	50.7269	66	52.8358	25	72.0825
1805070386.jpg	7	0	53.6015	0	61.3642	0	28.4287
18140704823.jpg	8	89	47.8886	102	46.4332	13	74.3919
18140704825.jpg	9	163	27.8078	74	45.7099	23	36.9323
18140704844.jpg	10	157	38.0806	105	53.9785	20	32.0172
18140704860.jpg	11	175	43.4082	170	72.0013	27	3.377
18140704884.jpg	12	163	36.7612	127	64.5323	15	52.0225
18160610330.jpg	13	104	28.5622	101	58.7962	22	63.5358
1824030142.jpg	14	31	75.1428	65	59.6143	181	92.5737
1824046021.jpg	15	201	80.413	2	30.252	106	29.6771
183908062.jpg	16	0	70.3694	0	64.5112	0	26.0217
184207281098.jpg	17	244	52.9399	0	9.545	0	36.8476
18420728750.jpg	18	192	42.2483	38	35.9674	26	52.8508
1848080417.jpg	19	243	75.5508	0	9.4998	0	83.762
1848080435.jpg	20	245	61.2987	0	9.8286	0	47.0176
1852060954.jpg	21	150	89.5886	0	23.0282	0	79.7411
1855110126.jpg	22	0	70.3916	0	57.3817	0	24.719
1856071017.jpg	23	133	25.7817	97	27.6233	20	6.5698
1856071020.jpg	24	172	37.6756	107	36.1257	30	7.9307
1856071027.jpg	25	169	65.4506	77	26.2332	21	28.0161
185607104.jpg	26	154	49.2001	132	42.3796	19	3.005
18560826160.jpg	27	139	68.9929	4	7.2542	42	29.6746
1856090245.jpg	28	246	55.4143	0	12.9416	0	42.8385
1856100134.jpg	29	113	68.3996	72	28.7146	192	84.6802
1856100136.jpg	30	35	51.9727	0	26.0404	0	56.7995
1856100153.jpg	31	179	69.0682	0	13.8924	0	46.255
1856100172.jpg	32	242	68.6228	0	13.6033	0	71.1871
18561004151.jpg	33	238	60.1638	0	9.4182	0	84.382
18561004152.jpg	34	238	55.6096	2	10.6893	42	56.3982
185612261143.jpg	35	216	71.8268	15	46.4245	176	41.6037
185612261487.jpg	36	21	84.5701	50	63.7265	22	30.0463
185612261707.jpg	37	132	69.0303	141	59.5552	27	22.7103
185612261725.jpg	38	109	77.0145	101	57.4773	28	24.896
185612261750.jpg	39	180	37.8794	48	61.5688	23	66.1773
18561226232.jpg	40	237	63.0086	0	8.3711	0	45.2538
185705271.jpg	41	228	57.4205	0	10.202	0	62.9029
18571220111.jpg	42	117	81.2055	70	23.9368	206	53.4873
18571220114.jpg	43	130	82.0873	68	17.7626	200	49.0405
18571220116.jpg	44	107	80.7483	81	25.0175	224	49.9219
18571220138.jpg	45	110	81.7097	69	18.7279	196	70.5183
18571220139.jpg	46	96	80.5942	63	23.3548	197	80.0583
18591226156.jpg	47	24	85.3746	87	33.0752	177	82.5782
18591226157.jpg	48	242	78.6872	0	16.4789	0	94.8311
18591226165.jpg	49	243	63.9051	0	8.6461	0	52.6923
18591226174.jpg	50	132	84.4706	57	26.8807	207	27.0111
18591226184.jpg	51	246	62.6753	0	8.0786	0	50.6886
18591226441.jpg	52	247	49.8768	0	12.3804	0	41.095
18591226790.jpg	53	95	28.5397	29	25.9925	20	26.7901
1861112713.jpg	54	171	52.7672	18	21.2836	176	72.1375
18611127145.jpg	55	180	56.3641	8	19.2003	31	66.5545
18611127146.jpg	56	31	87.0454	112	66.2335	24	23.9946
1861112744.jpg	57	98	60.9704	22	35.9277	21	53.7367
1861112755.jpg	58	253	54.146	5	41.6166	26	104.0096
1863011429.jpg	59	239	69.1364	0	10.1533	0	83.1026
1863011430.jpg	60	245	44.4137	0	12.1031	0	37.5791
186301144.jpg	61	244	68.3072	0	9.0449	0	57.3555
186301145.jpg	62	242	55.132	0	8.0648	0	43.4074
18630728378.jpg	63	175	33.3233	52	62.7966	36	10.1499
18630728379.jpg	64	186	35.902	68	69.4531	27	5.853
18630728382.jpg	65	173	41.3808	127	57.9932	26	3.7801
18630728383.jpg	66	178	28.8144	56	64.4426	28	7.2714
18630728387.jpg	67	167	35.3732	51	55.6449	28	13.1849
18630728388.jpg	68	195	33.7569	102	49.0749	27	2.8366
18630728390.jpg	69	180	41.143	37	68.2859	31	26.2287
18630728391.jpg	70	163	47.8794	53	68.6068	27	10.1774
18630728392.jpg	71	177	30.4357	44	67.1218	34	11.5919
18630728394.jpg	72	164	28.3098	47	59.2636	32	9.3995
18630728397.jpg	73	191	43.6906	51	55.6912	36	7.4634
18630728415.jpg	74	175	39.8678	77	52.7697	34	8.1118
1865072038.jpg	75	150	57.1102	84	38.1853	157	78.8995
186512129.jpg	75	150	57.1102	84	38.1853	157	78.8995
18660101133.jpg	77	239	71.7635	0	10.6624	0	38.5953
18660101134.jpg	78	243	52.7401	0	12.8698	0	43.7811
18660101135.jpg	79	243	59.7079	0	11.3954	0	68.5904
18660101136.jpg	80	246	51.4505	0	11.55	0	39.6909
18660101138.jpg	81	231	68.3377	0	10.5591	0	69.0725
18660101358.jpg	82	3	55.7865	20	48.3422	0	83.7445
18660415108.jpg	83	229	59.3956	2	12.2293	28	66.717
18660415118.jpg	84	222	64.3056	2	8.7569	42	50.6478
18660415120.jpg	85	221	70.022	0	14.2901	0	65.0704
18660415121.jpg	86	236	66.9972	0	14.1552	0	53.5007
18660415122.jpg	87	211	68.4588	0	15.1825	0	57.6493
18660415132.jpg	88	239	64.8351	0	9.3107	0	72.5603
18660415133.jpg	89	235	72.8339	0	11.6115	0	76.8405
18660415141b.jpg	90	230	58.697	0	12.7651	0	81.2561
18660415152.jpg	91	100	88.4834	40	29.0812	14	104.1576
18660415154.jpg	92	232	61.2607	0	15.2013	0	52.3325
18660415155.jpg	93	230	43.0066	0	9.8846	0	92.2269
18660415161.jpg	94	52	66.2444	46	21.8108	70	66.2827
18660415163.jpg	95	233	77.8344	0	9.5033	0	42.2863
18660415164.jpg	96	236	73.7862	2	11.4482	42	68.6915
1866122827.jpg	97	227	72.272	2	7.7474	70	56.4799
1867020525.jpg	98	246	64.42	5	41.0103	34	63.2395
186702054.jpg	99	220	57.8144	2	6.6588	106	72.5392
18670508585.jpg	100	247	78.9198	0	8.2955	0	48.3527
18670508635.jpg	101	221	49.193	2	12.464	231	106.1081
186705121.jpg	102	240	63.0837	0	14.263	0	81.073
1867051219.jpg	103	241	62.8148	0	12.6688	0	63.6631
1867051222.jpg	104	181	70.2165	0	10.1619	0	52.7992
1867051224.jpg	105	74	93.3187	60	35.3587	205	74.8812
186708102.jpg	106	49	42.7456	0	41.314	0	25.0522
18671122175.jpg	107	248	56.4122	0	6.2877	0	81.1096
18680110701.jpg	108	247	58.9148	0	10.7461	0	57.3299
18680110707.jpg	109	239	54.2642	0	9.0532	0	83.9344
18680110714.jpg	110	199	55.7397	2	12.3108	170	104.6524
18680110719.jpg	111	236	58.1033	0	11.2148	0	63.7523
18680110723.jpg	112	241	63.4713	0	11.1508	0	82.1358
1868040570.jpg	113	243	57.9287	0	10.0401	0	56.6771
1868040571.jpg	114	243	61.6124	0	10.4464	0	47.9938
18680620129.jpg	115	151	64.18	55	37.0624	24	57.6062
186806202.jpg	116	91	60.572	25	54.493	51	53.5356
1868070526.jpg	117	242	65.95	0	11.0585	0	66.2202
1868070532.jpg	118	241	63.69	0	9.289	0	49.0099
1868070534.jpg	119	230	66.9322	3	21.7048	93	51.0331
1868070558.jpg	120	239	67.3938	0	14.3726	0	64.5013
186807056.jpg	121	227	52.3639	0	16.6953	0	92.9189
186807057.jpg	122	246	60.3437	0	9.0595	0	51.5779
1868070570.jpg	123	243	72.3556	0	19.5271	0	69.6348
186807058.jpg	124	242	55.4857	0	4.8701	0	68.5647
1868070584.jpg	125	241	66.4893	0	14.6632	0	56.26
1868070595.jpg	126	246	47.6943	0	14.552	0	49.2387
1868102590.jpg	127	162	70.7736	0	13.1032	0	73.3691
1869060434.jpg	128	137	46.9173	0	8.1559	0	81.735
187001051.jpg	129	244	66.4979	0	8.2775	0	45.9497
187001053.jpg	130	246	59.5348	0	7.5912	0	29.6989
187001054.jpg	131	246	62.2997	0	10.4356	0	49.5099
18700320221.jpg	132	113	77.4589	0	17.7638	0	57.9271
187105061.jpg	133	171	86.8734	56	23.9427	19	88.9047
18710619179.jpg	134	48	46.1737	25	23.809	18	36.0627
18720405117.jpg	135	0	66.3516	0	48.0096	0	21.9615
18720405118.jpg	136	0	69.43	0	50.5918	0	24.0838
18720405121.jpg	137	67	58.6229	69	38.9443	141	61.5245
18720405122.jpg	138	0	64.5516	0	45.6656	0	21.7574
1872081611.jpg	139	0	64.1868	0	54.6374	0	22.8114
1872081635.jpg	140	15	97.3907	63	61.373	28	19.3847
1872081647.jpg	141	94	89.7943	40	36.4339	18	27.9636
1872081652.jpg	142	59	92.6332	53	36.8737	17	83.5411
1872081653.jpg	143	0	72.5322	0	60.9541	0	24.0924
187208168.jpg	144	21	87.5917	17	17.8467	170	94.6042
1873032022.jpg	145	130	72.4307	21	34.2423	155	63.1164
187303203.jpg	146	0	64.1868	0	54.6374	0	22.8114
1873032035.jpg	147	113	76.8624	4	23.8114	28	66.8428
1873032047.jpg	148	10	97.9952	97	65.7124	42	20.1661
1873032049.jpg	149	16	86.4613	60	59.7274	18	55.872
1873032082.jpg	150	97	72.3918	11	43.8089	161	71.1522
1873050510.jpg	151	105	57.5358	40	57.3955	23	56.0623
187305058.jpg	152	0	67.8435	0	41.0536	0	20.2942
187305059.jpg	152	0	67.8435	0	41.0536	0	20.2942
18730820534.jpg	154	165	37.7771	0	10.2087	0	51.8771
18730820541.jpg	155	49	86.2295	49	37.6371	221	59.898
18730820547.jpg	156	193	71.7155	0	11.0973	0	107.2487
18730820550.jpg	157	238	75.2638	0	11.5748	0	53.8782
18730820554.jpg	158	142	62.6981	0	11.4371	0	77.1832
1874020564.jpg	159	94	56.2683	71	61.3064	22	58.902
1874030564.jpg	160	83	64.9462	120	39.6663	8	20.5869
1874030568.jpg	161	23	40.0231	69	46.6547	155	76.531
187403141.jpg	161	23	40.0231	69	46.6547	155	76.531
1874031440.jpg	163	166	77.0254	70	29.2219	202	21.3732
18740710272.jpg	164	97	80.1357	8	40.8901	70	53.3896
1874071081.jpg	165	149	54.4154	3	48.4993	20	59.3544
1874111016.jpg	166	199	51.0831	2	5.3106	42	53.5934
187411106.jpg	167	244	58.6176	0	8.9048	0	54.6525
187503092.jpg	168	235	39.7699	2	3.5376	106	70.9199
187503096.jpg	169	1	61.3154	0	45.4254	0	54.317
187503098.jpg	170	243	65.6575	0	9.4725	0	58.184
1875081013.jpg	171	19	43.0483	54	37.8373	70	45.5671
1875081019.jpg	172	0	72.8594	0	33.9529	0	47.6934
1875101215.jpg	173	243	35.4635	0	7.1628	0	50.4622
187511122.jpg	174	159	65.2541	0	20.528	0	66.9371
187705153.jpg	175	77	77.283	87	44.6612	192	26.2278
187708251.jpg	176	170	73.474	12	99.2745	28	62.9008
187712072.jpg	177	215	36.5656	0	0.7659	0	39.0412
187808291.jpg	178	0	94.1921	0	59.717	0	26.9649
1879011523.jpg	179	192	70.4057	0	6.323	0	42.7803
187906245.jpg	180	106	82.2614	65	22.4159	23	111.7348
187911204.jpg	181	149	56.1422	26	16.5614	179	111.9068
188006171700.jpg	182	45	41.3118	230	84.47	155	52.9219
188006171713.jpg	183	47	54.8696	10	45.291	23	40.0919
18803562.jpg	184	255	50.8614	0	40.454	0	40.6667
18803604.jpg	185	255	56.4514	0	66.9841	0	36.6758
18803605.jpg	186	255	54.4259	1	80.1966	22	32.581
18803606.jpg	187	255	56.1319	0	46.5657	0	54.2914
18810428965.jpg	188	15	66.2252	34	24.4771	170	66.3795
188107013368.jpg	189	0	75.7737	0	67.9308	0	32.5749
188107099.jpg	190	243	58.3549	8	52.5995	7	37.3129
18810824102.jpg	191	137	48.2951	53	28.251	220	101.8632
18810824111.jpg	192	243	70.6573	0	12.3549	0	77.8338
18810824124.jpg	193	244	67.0909	0	9.7719	0	57.4499
188202111.jpg	194	245	65.9313	0	12.8579	0	43.5624
1882112755a.jpg	195	96	31.4614	5	5.658	106	58.3666
1882112755b.jpg	196	96	31.4614	5	5.658	106	58.3666
18830106143.jpg	197	61	71.5592	3	14.4408	42	47.9868
1883010640.jpg	198	166	69.3331	0	8.7271	0	49.032
188401262b.jpg	199	245	41.6424	0	9.8163	0	89.848
1884061442.jpg	200	46	61.68	20	56.045	18	37.3165
1884101150.jpg	201	0	75.5036	0	62.7286	0	25.3798
18841210247.jpg	202	71	89.3275	56	26.6577	212	100.0321
18841210302.jpg	203	0	69.8267	0	54.9957	0	21.0443
18851101423.jpg	204	1	58.4317	0	60.5075	0	23.9491
1885110167.jpg	205	0	65.2614	0	83.5722	0	24.2122
188604011368.jpg	206	255	56.2827	0	84.1463	0	23.2239
188604011371.jpg	207	255	64.0634	0	62.7589	0	37.6583
188604011372.jpg	208	248	57.6028	91	70.0473	16	24.9497
188604011405.jpg	209	252	56.0126	2	63.3201	233	103.9397
188604011411.jpg	210	252	67.651	2	57.5234	233	105.6346
188604011412.jpg	211	252	64.0499	2	62.5278	233	106.0637
188604011413.jpg	212	252	51.3986	2	71.0588	233	105.3969
188604011428.jpg	213	255	62.3172	0	61.288	0	24.0048
188604011431.jpg	214	163	45.7826	84	60.7398	18	36.4747
188604011435.jpg	215	252	59.1174	2	66.4088	233	105.1509
188604011438.jpg	216	255	66.3149	0	69.9499	0	23.1841
188604011440.jpg	217	255	60.8281	0	58.3194	0	24.2717
188604011444.jpg	218	255	71.0391	3	69.32	18	31.6541
188604011446.jpg	219	255	61.1207	11	68.5644	17	29.2575
188604011447.jpg	220	255	63.2255	0	67.7441	0	28.1837
188604011448.jpg	221	252	47.9822	2	72.287	233	103.5859
188604011452.jpg	222	255	78.0113	0	65.703	0	28.1085
188604011521.jpg	223	0	99.7172	0	46.9764	0	23.3278
188604011522.jpg	224	0	60.9269	0	54.2469	0	24.7915
188604011566.jpg	225	255	52.5176	0	59.3833	0	29.4585
1886060562.jpg	226	148	80.0232	5	13.4865	42	28.4739
1886100521.jpg	227	157	49.1999	116	56.2939	23	17.3648
1886100522.jpg	228	199	40.0316	109	56.1256	22	29.6994
188610055.jpg	229	255	41.5347	0	69.5265	0	24.5604
188702121.jpg	230	241	64.0742	0	14.0866	0	65.6908
188707051.jpg	231	203	72.2846	0	10.8004	0	92.1427
188707052.jpg	232	244	76.2366	0	10.0569	0	36.5058
1887073052.jpg	233	194	72.1023	2	4.0874	28	111.8149
188803103.jpg	234	48	46.1737	25	23.809	18	36.0627
18880601102.jpg	235	255	57.5151	0	75.0758	0	30.3826
18880601104.jpg	236	254	77.2357	2	74.0881	13	24.3887
18880601107.jpg	237	255	60.8128	0	78.9393	0	27.4868
18880601124.jpg	238	252	43.5998	2	29.2448	11	37.8377
18880601126.jpg	239	255	44.6072	3	48.6722	22	35.1997
18880601127.jpg	240	255	81.6641	0	74.6948	0	23.8563
18880601128.jpg	241	255	55.7089	1	61.7302	15	25.4051
18880601129.jpg	242	244	57.486	121	78.8582	16	23.4781
18880601130.jpg	243	255	51.3723	0	59.7175	0	27.4458
18880601140.jpg	244	255	46.5587	0	59.5796	0	24.8781
1888060119.jpg	245	150	58.5191	27	26.5734	158	88.7643
18880601695.jpg	246	255	31.3643	3	51.7125	23	27.9356
1888060184.jpg	247	255	65.7444	0	31.8768	0	22.7697
1888060198.jpg	248	178	71.7067	116	79.3977	9	25.5161
1888060199.jpg	249	255	61.1785	0	56.0595	0	19.9754
188901123.jpg	250	253	71.4033	2	27.5827	21	86.7159
1890041226.jpg	251	140	42.3457	128	56.0909	22	74.1402
189007301.jpg	251	140	42.3457	128	56.0909	22	74.1402
189106292.jpg	253	124	83.9464	61	23.0344	226	111.1977
189108061.jpg	254	3	67.5384	57	64.9994	20	22.4381
1893091511.jpg	255	238	37.8996	2	13.4582	106	16.9902
1893091512.jpg	256	27	74.262	74	35.3312	188	84.3552
189309155.jpg	257	0	85.0898	0	49.9976	0	45.8793
189311013.jpg	258	21	90.9083	141	72.7091	187	65.7446
189311016.jpg	259	245	61.1144	0	11.0623	0	49.5734
189312202.jpg	260	245	54.0791	0	8.5018	0	21.649
18941101725.jpg	261	25	57.5561	28	46.8781	15	108.4315
189505112.jpg	262	177	86.1267	67	20.7472	20	104.4242
189505113.jpg	263	180	29.5922	111	51.1874	29	14.2409
189510202.jpg	264	254	49.742	2	36.9683	18	48.3177
18960201213.jpg	265	255	35.2026	7	47.8589	106	70.466
18960201214.jpg	266	226	44.2878	8	47.1949	116	52.6284
189603302.jpg	267	194	58.0046	12	32.8824	49	62.1763
189605191b.jpg	268	238	51.4815	0	11.8644	0	57.1989
189610214.jpg	269	0	73.2447	0	51.581	0	60.9342
189707291.jpg	270	87	54.1744	39	31.8803	178	95.8463
190209201.jpg	271	219	45.5971	0	12.0881	0	44.0619
190210111.jpg	272	0	69.8435	0	50.8355	0	24.7211
19040204397.jpg	273	193	76.5454	2	18.8236	42	78.3977
190506121.jpg	274	255	33.2945	0	21.6612	0	16.1217
1905061210.jpg	275	255	51.1032	0	32.4125	0	20.683
1905061211.jpg	276	255	58.3468	0	28.0358	0	19.3833
190506126.jpg	277	255	50.4919	0	33.4269	0	20.8573
190506128.jpg	278	255	55.3846	0	21.8146	0	30.9341
190506129.jpg	279	255	41.1204	0	35.827	0	21.5828
190604133.jpg	280	126	78.8603	94	24.9063	14	92.1316
190605123.jpg	281	112	45.7637	55	28.4528	176	73.9317
190605124.jpg	282	52	66.2444	46	21.8108	70	66.2827
190607192.jpg	283	246	64.7726	0	10.052	0	50.4705
1907051810.jpg	284	15	69.752	72	23.8163	233	90.2948
1907051914.jpg	285	244	64.676	0	6.4327	0	23.0264
1907051924.jpg	286	220	74.5316	0	10.24	0	59.8412
1907051925.jpg	287	240	76.8764	0	11.6506	0	38.8365
1907051926.jpg	288	236	71.5977	2	13.0085	106	69.1187
1907051927.jpg	289	235	74.806	3	26.1929	106	26.5599
1907051928.jpg	290	241	76.3055	0	22.2403	0	82.8553
1907051933.jpg	291	245	72.796	0	9.9196	0	71.9593
1907051935.jpg	292	222	84.2612	0	6.6372	0	49.7334
1907051939.jpg	293	232	60.8011	0	9.6761	0	54.0912
1907051945.jpg	294	154	71.0785	75	28.122	145	74.511
1907051948.jpg	295	238	63.4081	0	10.4657	0	78.6524
1907051949.jpg	296	241	57.7664	0	11.9824	0	44.2656
1907051950.jpg	297	247	50.7373	0	10.224	0	34.8262
190705197.jpg	298	165	59.5227	0	8.2824	0	72.6092
1907052070.jpg	299	190	57.2818	36	59.2741	42	20.7042
19071201813.jpg	300	22	76.9065	69	104.0614	155	68.8638
190905234.jpg	301	227	52.9553	0	8.0511	0	36.3267
190905237.jpg	302	219	82.2162	0	10.7591	0	48.3196
190905238.jpg	303	243	76.2802	0	9.7609	0	57.8302
1909120126.jpg	304	173	44.531	12	62.2049	59	60.7605
19100222255.jpg	305	254	67.3891	2	97.5702	3	43.5821
19100222256.jpg	306	228	40.3488	35	76.1291	120	55.1652
19100222257.jpg	307	255	53.4103	2	103.948	5	31.998
19100222258.jpg	308	255	52.838	1	89.7339	11	39.8103
191010141.jpg	309	0	4.8688	0	10.3638	0	4.2468
191104151.jpg	310	255	38.0256	0	60.6347	0	26.9589
191104161.jpg	311	90	59.2213	51	26.7106	143	67.7286
1911061722.jpg	312	73	83.7959	17	60.3528	11	54.6958
19110710112.jpg	313	214	89.534	4	49.5791	106	52.4944
191405166.jpg	314	233	60.8774	0	9.0152	0	66.6455
191405169.jpg	315	239	57.447	0	9.311	0	33.4223
19170701125.jpg	316	11	87.9955	7	41.9733	175	103.3238
191806122.jpg	317	217	68.6203	2	10.7389	28	88.9674
192204201.jpg	318	255	62.6422	1	40.4727	14	25.7269
19230401676.jpg	319	11	57.7089	76	53.2114	155	87.0309
1923101328.jpg	320	87	81.7011	22	49.6748	7	29.9271
192405151.jpg	321	220	47.5911	9	47.6314	34	53.1659
192405152.jpg	322	244	66.3497	0	10.5181	0	72.6931
1925112010.jpg	323	255	68.3857	0	32.4015	0	60.8204
192511209.jpg	324	255	58.796	0	29.7246	0	51.9936
1926032451.jpg	325	164	77.6769	0	11.8807	0	49.5004
1926032462.jpg	326	179	74.2556	0	6.4094	0	67.6097
1926032498.jpg	327	177	70.5148	0	10.2803	0	71.9142
192604122.jpg	328	211	53.8777	0	13.3028	0	53.9191
1926041513.jpg	329	73	71.159	11	17.1037	70	42.0091
1926041515.jpg	330	63	66.6232	24	18.8829	173	83.4793
1926062414.jpg	331	167	78.3983	0	12.8789	0	74.8183
192609301.jpg	332	243	66.776	0	7.9125	0	83.4156
1926093011.jpg	333	232	72.1442	0	7.1276	0	93.2682
1926093020.jpg	334	98	70.1024	88	35.5097	188	100.787
1926093026.jpg	335	242	69.2152	0	12.0495	0	71.4771
1926093039.jpg	336	53	72.3434	33	30.0309	178	88.4817
1926093040.jpg	337	179	50.7167	2	14.2349	28	81.2143
1926093047.jpg	338	255	69.8334	0	62.8477	0	59.1782
1926093049.jpg	339	255	66.9934	0	42.4261	0	62.6242
1926093061.jpg	340	255	60.5638	3	42.5159	16	37.7836
192609307.jpg	341	255	83.9752	0	20.3784	0	27.6697
192609309.jpg	342	255	78.7117	0	39.2102	0	64.5171
192702142.jpg	343	147	50.8213	55	33.8323	145	66.8946
19291016164.jpg	344	103	84.3259	18	40.7136	2	92.6784
193012176.jpg	345	235	62.6476	3	37.8247	10	47.8523
1932121054.jpg	346	133	34.5084	5	27.6218	135	54.8568
193307121.jpg	347	253	56.0791	2	32.1684	14	72.9865
1935061118.jpg	348	189	71.1121	0	13.0522	0	73.3166
19360613276.jpg	349	255	94.4856	0	12.9614	0	74.6845
194510122.jpg	350	156	90.0958	21	16.3318	155	83.0909
19480501166.jpg	351	230	56.8911	0	10.4068	0	61.5113
1948050126.jpg	352	245	82.4211	0	9.9816	0	52.5801
1951060625.jpg	353	242	57.358	0	10.5313	0	46.6282
195305013.jpg	354	247	49.9508	0	12.0591	0	42.8251
195305015.jpg	355	135	45	39	51.3368	240	109.872
195507166.jpg	356	223	53.745	2	16.9552	106	35.7863
195601062.jpg	357	240	45.4512	0	7.7564	0	23.9141
195602141.jpg	358	54	78.9407	106	46.2411	17	31.2196
195805101.jpg	359	173	83.4389	0	9.3569	0	86.3163
195904154.jpg	360	25	71.7371	18	27.7022	24	28.1427
196211261.jpg	361	160	22.5906	98	80.1245	18	61.0335
196211263.jpg	362	166	33.0802	109	78.9763	19	33.6845
19650930895.jpg	363	255	70.0972	0	60.3792	0	22.2826
19650930896.jpg	364	255	53.4856	0	75.7339	0	22.7466
19650930974.jpg	365	255	83.0698	0	75.8592	0	27.1371
197109241.jpg	366	102	90.2447	78	36.9777	28	86.9825
197201181.jpg	367	12	69.1587	0	27.6815	0	78.7871
197201254.jpg	368	255	68.0669	0	62.3831	0	42.9424
19720801144.jpg	369	255	63.4004	0	7.0704	0	30.115
197303043.jpg	370	175	67.1925	0	6.8368	0	49.1601
1973032711.jpg	371	85	95.2583	45	54.4485	13	54.1977
1973032714.jpg	372	105	63.4199	34	18.1743	16	87.6273
1973050165.jpg	373	255	55.2255	3	66.2765	15	25.2757
1973050166.jpg	374	250	74.1007	0	64.1612	0	41.2754
1974082229.jpg	375	254	48.9011	0	33.4106	0	42.112
1975072618.jpg	376	221	59.7951	0	2.2158	0	82.566
197601025.jpg	377	255	41.1349	0	70.7425	0	24.7878
197607243.jpg	378	255	57.2806	2	62.5484	16	24.3472
198104141.jpg	379	248	59.7189	2	15.8607	233	82.1893
198204064.jpg	380	253	70.3142	7	41.6878	14	43.1359
19820729106.jpg	381	243	68.7968	0	12.7983	0	59.2306
19820729547.jpg	382	242	61.1578	0	9.7652	0	42.7664
1982072982.jpg	383	152	88.8773	70	28.7354	14	109.1613
1982072986.jpg	384	134	91.5172	67	37.2999	219	98.4592
1982072990.jpg	385	245	60.3592	0	10.981	0	65.3684
1982072994.jpg	386	128	84.1142	80	31.591	203	107.4644
1982072997.jpg	387	114	85.4054	56	37.0583	202	99.9478
1986100612.jpg	388	46	70.2957	49	40.6458	26	13.6635
1986100613.jpg	389	81	62.2104	78	38.3705	186	73.3931
198610067.jpg	390	222	78.8294	3	13.1735	198	85.7838
199101311.jpg	391	0	58.7581	0	56.5667	0	40.0205
199208111.jpg	392	39	50.9275	13	28.6518	42	17.5964
199410012.jpg	393	46	69.0758	34	53.9883	21	71.9744
199506191.jpg	394	240	68.9275	0	16.545	0	88.0513
199512111.jpg	395	240	58.3668	0	7.2131	0	78.7167
200509201.jpg	396	14	85.7219	31	41.6949	21	55.7516
20115003361.jpg	397	151	50.3729	141	59.7115	21	16.189
20115009286.jpg	398	255	36.2885	0	69.0754	0	23.0014
20115009288.jpg	399	255	49.9724	0	57.3646	0	22.3986
6678.jpg	400	0	52.8427	0	66.3915	0	34.9917
941.jpg	401	1	68.1813	0	62.8574	0	25.5388
9736.jpg	402	255	54.385	0	16.7586	0	65.9233
greek10.jpg	403	255	48.8876	0	54.0268	0	24.3877
greek149.jpg	404	219	59.4737	75	73.6221	15	26.7994
greek150.jpg	405	255	52.3952	4	66.3172	15	25.7253
greek156.jpg	406	255	58.8523	0	65.4316	0	20.6177
greek157.jpg	407	255	54.8787	0	62.4381	0	21.967
greek160.jpg	408	255	52.6571	0	62.728	0	26.0842
greek165.jpg	409	255	65.8311	0	66.3667	0	22.3635
greek166.jpg	410	255	63.9931	0	69.7295	0	27.3662
greek170.jpg	411	255	57.3114	0	55.6509	0	27.2264
greek171.jpg	412	255	48.8052	3	68.712	13	27.1194
greek177.jpg	413	193	69.2744	66	56.0606	18	39.8192
greek180.jpg	414	255	35.3915	0	55.8652	0	21.6034
greek183.jpg	415	255	60.6157	0	41.7844	0	25.6905
greek189.jpg	416	196	64.7978	107	74.2994	14	30.1453
greek191.jpg	417	255	47.6421	0	59.4038	0	24.0859
greek195.jpg	418	255	61.9201	0	69.2614	0	23.0216
greek198.jpg	419	255	54.1104	0	61.3758	0	25.184
greek199.jpg	420	255	46.9335	0	52.1421	0	27.913
greek20.jpg	421	255	58.0741	0	39.6014	0	23.5707
greek206.jpg	422	255	75.9446	0	51.1891	0	22.6295
greek207.jpg	423	255	69.5117	0	70.2501	0	22.0145
greek217.jpg	424	255	57.7707	0	47.3771	0	24.1742
greek228.jpg	425	255	38.3573	0	27.9417	0	20.4974
greek235.jpg	426	255	47.9279	0	60.3455	0	28.4291
greek239.jpg	427	255	40.1351	0	54.354	0	24.8222
greek240.jpg	428	255	35.5645	0	45.2747	0	22.2548
greek241.jpg	429	0	81.6365	0	59.8308	0	24.4541
greek250.jpg	430	255	49.2613	0	56.9156	0	27.4958
greek252.jpg	431	0	69.0428	0	49.6073	0	42.5119
greek264.jpg	432	255	46.4823	0	61.2521	0	23.7155
greek273.jpg	433	255	42.7682	0	52.1331	0	23.3292
greek274.jpg	434	255	59.4342	0	45.3549	0	24.8178
greek280.jpg	435	255	55.46	1	61.0767	15	26.7503
greek290.jpg	436	0	62.5037	0	65.5006	0	27.1583
greek297.jpg	437	0	75.806	0	59.5609	0	24.2926
greek298.jpg	438	233	51.386	68	74.1636	14	30.9297
greek308.jpg	439	255	63.6223	0	15.3611	0	84.3541
greek310.jpg	440	240	42.2946	0	19.5864	0	43.0663
greek312.jpg	441	255	57.1672	0	37.9384	0	36.2107
greek319.jpg	442	0	76.2861	0	55.4943	0	23.3271
greek331.jpg	443	255	66.2598	0	60.0912	0	23.0379
greek332.jpg	444	250	59.9636	5	71.875	18	79.7777
greek337.jpg	445	255	49.8711	0	49.9045	0	25.6245
greek345.jpg	446	217	43.7272	3	23.0934	18	67.1353
greek351.jpg	447	255	57.4509	0	69.1412	0	25.4549
greek352.jpg	448	186	54.29	8	35.7687	187	83.74
greek358.jpg	449	2	94.3778	25	56.1271	0	29.3619
greek364.jpg	449	2	94.3778	25	56.1271	0	29.3619
greek366.jpg	451	240	43.2765	0	21.3866	0	45.6153
greek367.jpg	452	255	63.3061	0	40.2064	0	27.7934
greek370.jpg	453	253	61.8461	0	3.6375	0	77.2972
greek373.jpg	454	255	47.8636	0	38.8368	0	20.5002
greek402.jpg	455	255	60.3931	0	68.7767	0	22.1354
greek405.jpg	456	255	40.1408	0	33.8273	0	21.0872
greek406.jpg	457	195	46.5528	3	43.7066	70	43.2836
greek409.jpg	458	255	39.5531	0	13.6797	0	68.1383
greek410.jpg	459	0	74.0796	0	57.4983	0	20.8029
greek417.jpg	460	255	54.4427	0	52.6352	0	19.5157
greek42.jpg	461	255	61.0368	0	55.5359	0	23.2122
greek423.jpg	462	255	41.2437	0	42.5078	0	21.3071
greek425.jpg	463	255	34.9466	0	51.8537	0	22.6588
greek43.jpg	464	255	49.6943	0	66.7651	0	25.3783
greek430.jpg	465	33	48.0322	76	27.891	163	72.7648
greek433.jpg	466	255	35.2902	0	39.1867	0	23.5834
greek437.jpg	467	255	64.1895	0	60.0689	0	25.4848
greek441.jpg	468	255	60.4368	0	10.9124	0	59.3075
greek444.jpg	469	255	44.9069	0	33.8529	0	25.6268
greek445.jpg	470	255	53.5897	0	46.8852	0	22.3931
greek446.jpg	471	255	55.7267	0	60.3729	0	24.4731
greek447.jpg	472	255	51.5943	0	55.4662	0	24.2143
greek45.jpg	473	255	62.4765	0	42.1264	0	21.471
greek46.jpg	474	255	63.4711	0	42.266	0	24.497
greek460.jpg	475	255	59.769	0	49.5943	0	42.7579
greek461.jpg	476	255	52.202	0	73.1388	0	22.2424
greek463.jpg	477	67	92.4134	46	58.5135	12	22.6846
greek47.jpg	478	255	53.3758	0	52.7403	0	24.2785
greek48.jpg	479	255	56.8109	0	50.0412	0	22.7311
greek49.jpg	480	255	56.8883	0	38.5703	0	22.155
greek5.jpg	481	255	24.6768	0	31.8192	0	25.1852
greek50.jpg	482	255	42.2206	0	31.2045	0	23.0371
greek504.jpg	483	0	73.3566	0	63.9687	0	29.1687
greek507.jpg	484	125	85.0076	20	29.333	3	46.0964
greek508.jpg	485	0	70.7207	0	73.7166	0	22.8454
greek51.jpg	486	255	51.0526	0	32.8257	0	21.3383
greek510.jpg	487	254	51.8372	0	50.3964	0	25.6309
greek523.jpg	488	255	45.7982	0	44.1381	0	23.976
greek53.jpg	489	255	51.7151	0	48.5564	0	25.4408
greek55.jpg	490	255	53.5395	0	44.5362	0	23.8368
greek557.jpg	490	255	53.5395	0	44.5362	0	23.8368
greek57.jpg	492	201	51.2146	72	54.4584	20	24.8484
greek58.jpg	493	178	62.9119	84	57.3427	17	25.713
greek6.jpg	494	255	23.8279	0	36.2029	0	29.7621
greek606.jpg	495	255	92.706	0	65.7636	0	22.9545
greek608.jpg	496	255	62.8071	0	54.192	0	22.6409
greek61.jpg	497	245	48.8002	30	55.7467	17	23.5195
greek610.jpg	498	0	81.0429	0	62.4748	0	25.5255
greek611.jpg	499	255	51.7112	0	38.1464	0	35.3288
greek612.jpg	500	0	74.1449	0	61.2757	0	23.2651
greek615.jpg	501	255	37.3782	1	46.8333	8	27.1945
greek62.jpg	502	45	83.5962	43	60.8872	15	24.3316
greek620.jpg	503	0	71.3478	0	62.718	0	22.5588
greek621.jpg	504	255	85.9348	0	28.6981	0	22.8843
greek63.jpg	505	255	70.6413	0	86.9925	0	24.2631
greek64.jpg	506	222	59.0974	62	53.3454	17	25.4221
greek646.jpg	507	255	58.2349	0	74.4824	0	20.4353
greek647.jpg	508	255	72.4805	0	77.5335	0	24.0992
greek648.jpg	509	0	86.4164	0	58.8366	0	24.1371
greek65.jpg	510	1	73.6507	37	56.5093	0	22.2759
greek66.jpg	511	255	70.8235	1	72.9027	14	22.9132
greek67.jpg	512	255	59.2468	0	68.4263	0	24.1138
greek68.jpg	513	255	43.578	0	48.4174	0	24.3629
greek69.jpg	514	255	47.9362	1	57.0584	19	25.6618
greek7.jpg	515	255	37.8239	0	24.6774	0	22.0307
greek70.jpg	516	69	79.682	59	57.8496	11	24.0958
greek71.jpg	517	255	54.8263	0	75.959	0	21.8283
greek72.jpg	518	203	45.5879	85	55.9196	16	21.3091
greek73.jpg	519	249	50.6114	21	59.9929	18	26.5511
greek74.jpg	520	0	67.3191	0	60.2426	0	25.2851
greek75.jpg	521	255	57.2448	0	65.4348	0	24.5211
greek76.jpg	522	255	55.8917	0	63.0976	0	22.6225
greek77.jpg	523	255	36.7124	1	61.3234	14	24.7825
greek78.jpg	524	255	55.3175	0	47.4322	0	25.3481
greek79.jpg	525	42	79.9859	54	62.0658	8	26.745
greek8.jpg	526	255	48.1865	0	40.1476	0	27.0315
greek80.jpg	527	255	52.7855	0	57.1948	0	25.7751
greek81.jpg	528	191	49.9785	67	51.979	23	26.314
greek83.jpg	529	217	41.2193	64	53.6784	22	28.5191
greek84.jpg	530	255	55.5473	4	61.9314	19	23.9629
greek85.jpg	531	73	77.1888	56	58.4057	10	24.5416
greek86.jpg	532	47	66.5428	71	63.0532	12	23.4214
greek87.jpg	533	250	66.0925	7	27.8685	1	101.9476
greek88.jpg	534	231	65.1954	8	36.8832	15	31.9063
greek89.jpg	535	0	82.6078	0	58.0411	0	22.9261
greek9.jpg	536	255	38.0334	0	25.5593	0	20.4093
greek90.jpg	537	254	41.7819	0	24.8732	0	89.9348
greek91.jpg	538	255	51.2055	0	54.2611	0	23.5036
greek92.jpg	539	192	59.7864	30	36.7468	4	74.2042
greek93.jpg	540	255	48.6074	2	24.4421	233	106.4901
greek94.jpg	541	222	56.4632	44	57.6844	15	22.6735
OC359.jpg	541	222	56.4632	44	57.6844	15	22.6735
SpIII21.jpg	543	0	86.3176	0	57.3366	0	25.9726
